   1.5808135774329632E-010
   1.7486249327822994E-008
   6.7660903575981504E-012
   3.7471083399311818E-007
   4.6567800045483623E-007
   2.5219411624640610E-010
   2.7918958345539086E-010
   5.8304305603306592E-007
   1.0532308374099505E-005
   8.7297162053046056E-006
   2.2723805367069796E-005
   5.9002780802369926E-009
   4.3616116936002379E-008
   7.1597152050106703E-006
   6.9197492216117472E-004
   6.6030258111465442E-004
   7.3201546645746286E-004
   7.8500472411501695E-008
   4.0783468944486823E-006
   6.8871799030404855E-003
   1.4087553197899656E-002
   1.7153112818271965E-003
   1.6757094655055385E-002
   1.9636268709973446E-003
   1.5448500998496983E-003
   2.8945497272187134E-003
   5.8962072743739501E-008
   9.1507749556330689E-002
   2.6944979203915854E-002
   2.3640162926905481E-007
   4.9765459925826247E-013
   1.0294769196642001E-006
   1.0178502067237363E-003
   1.5441819264838474E-004
   5.3470110690194039E-005
   7.3421292100397053E-005
   4.9116731448264887E-002
   4.4162935666660991E-002
   1.4394692290699178E-003
   2.0268417592266264E-002
  0.15842046752710257     
  0.12026735781350473     
   1.0301684912776097E-003
  0.12071331725301099     
  0.23442086386457392     
   4.0075395256202725E-005
  0.24433431557240681     
   2.6100126564126493E-002
   1.6622611997838672E-002
   8.0944684401165791E-003
   2.4942043296926013E-011
   1.8388242768459717E-005
  0.83469048239843746     
  0.83849476861860328     
   2.6038166728540486E-005
   3.8770785650051034E-010
   1.3649043608604630E-002
   4.9332766721529380     
   6.7828476442341511E-004
   5.7060828176321086E-005
  0.75817004671313537     
   70.004288777037559     
   9.4569093696145715E-009
   5.7665689600347839E-007
   2.2311373430072646E-010
   6.6650118823255548E-006
   8.2830522226803056E-006
   4.4857971239384004E-009
   3.9902028453559175E-009
   8.3329042307191697E-006
   1.5052870641648689E-004
   8.3221339874691821E-005
   2.1662852322165194E-004
   5.6247996604084741E-008
   3.3504109018931610E-007
   5.4997990565082639E-005
   5.3154670473009842E-003
   3.6379356670757190E-003
   4.0330376564350727E-003
   4.3249818588624837E-007
   1.6836118714057559E-005
   2.8431465359283956E-002
   5.8155847005874207E-002
   3.7641229370596382E-003
   3.6772196987116756E-002
   4.3090330153220365E-003
   3.3900585606647556E-003
   1.0028534506093692E-002
   2.0428157633676706E-007
  0.28706988591941063     
   8.4529366569193368E-002
   7.4161794027788312E-007
   8.1364500804270528E-013
   3.2295824486727600E-006
   2.3897673821721434E-003
   3.6255193305201523E-004
   1.2554020778741360E-004
   1.7238274144801077E-004
  0.10414550588441894     
   9.3641639838962412E-002
   3.0522033255500143E-003
   6.2614143002691192E-002
  0.48939991309830139     
  0.37153554323668425     
   3.1824446548967445E-003
  0.16689920433309668     
  0.32411217377176926     
   9.1144679623326725E-005
  0.55569690009195805     
   5.9360304710841076E-002
   2.9804874519585845E-002
   1.4513640587399334E-002
   4.4721880702239564E-011
   3.2970706915428468E-005
   1.0587762340242952     
   1.0636018405482404     
   3.3028520980045118E-005
   4.9179411154624047E-010
   3.9212213721222314E-002
   8.4936261216794087     
   1.1678033842220477E-003
   7.6966826626494991E-005
   1.0226620328477283     
   59.774531242251179     
   1.4993105722130498E-007
   5.9167799076412233E-006
   2.2892553082749885E-009
   4.3120948549645548E-005
   5.3589262110002429E-005
   2.9021977814989809E-008
   2.2301321638068472E-008
   4.6572764501127410E-005
   8.4130788024061424E-004
   3.3041751952231921E-004
   8.6009020533024064E-004
   2.2332401213445802E-007
   1.2042464020101246E-006
   1.9768062543720660E-004
   1.9105513485222405E-002
   9.6132670713958875E-003
   1.0657326475339228E-002
   1.1428790801462502E-006
   3.8535952498100429E-005
   6.5076376399148275E-002
  0.13311209048638586     
   5.7297904154629776E-003
   5.5975053252879416E-002
   6.5592586862724270E-003
   5.1603854001454402E-003
   2.0367317014666823E-002
   4.1488291464506864E-007
  0.52193689881962368     
  0.15368729919200760     
   1.3483746879890429E-006
   1.4793308983900038E-012
   5.8718741687024503E-006
   3.3812771892265218E-003
   5.1297402010086360E-004
   1.7762659415683765E-004
   2.4390400330290643E-004
  0.14716263591013498     
  0.13232016525939130     
   4.3129108923827316E-003
  0.12770974092042378     
  0.99819518579972710     
  0.75779537487954529     
   6.4910124594851071E-003
  0.18262476930085511     
  0.35465064797154455     
   1.3611677471688912E-004
  0.82988573851251080     
   8.8649532335220840E-002
   3.8722119827227508E-002
   1.8855940144464633E-002
   5.8102107503023187E-011
   4.2835129640578016E-005
   1.0391390510864202     
   1.0438751568121309     
   3.2415939125815756E-005
   4.8267277823155488E-010
   7.1586393803986473E-002
   10.586579699244105     
   1.4555672009811994E-003
   9.5699638295223174E-005
   1.2715658281810351     
   45.390784885891442     
   9.4418114646280631E-007
   2.7000874945989563E-005
   1.0446881118283406E-008
   1.3876163403987133E-004
   1.7244828389648256E-004
   9.3391662292409880E-008
   6.4437127151654758E-008
   1.3456669504467725E-004
   2.4308632345902961E-003
   7.1391121906926513E-004
   1.8583398600792720E-003
   4.8252138076952307E-007
   2.5395663012893429E-006
   4.1687735495007900E-004
   4.0290523712515076E-002
   1.5199966072201034E-002
   1.6850775042704009E-002
   1.8070571756547361E-006
   5.8296956268534144E-005
   9.8447149301495104E-002
  0.20137116678977929     
   6.8172515389820906E-003
   6.6598599645631765E-002
   7.8041452010002054E-003
   6.1397787283707546E-003
   2.9028130077972267E-002
   5.9130396039757072E-007
  0.64812327217811805     
  0.19084359712794541     
   1.6743652669086790E-006
   1.8369821805414689E-012
   7.2914911910698441E-006
   3.2740075369348527E-003
   4.9670012663060746E-004
   1.7199146224465141E-004
   2.3616624737144606E-004
  0.15460401425765996     
  0.13901102402671742     
   4.5309961524821708E-003
  0.18727459124655363     
   1.4637614488733643     
   1.1112372326205233     
   9.5184728773649602E-003
  0.17262402457151779     
  0.33522956608853605     
   1.5168563462791926E-004
  0.92480699147296574     
   9.8789150710516860E-002
   3.7366982400408408E-002
   1.8196048838884375E-002
   5.6068738957971330E-011
   4.1336051397506739E-005
  0.87196269110059177     
  0.87593685364371854     
   2.7200873150852806E-005
   4.0502053520918391E-010
   9.5174597259175223E-002
   10.673743677079031     
   1.4675515274443184E-003
   1.1037069541433933E-004
   1.4665008898832628     
   32.109873036600980     
   2.9973417787619847E-006
   6.7889385151626304E-005
   2.6267013098319532E-008
   2.6907077779097865E-004
   3.3439209762702428E-004
   1.8109448902130012E-007
   1.1427740035782668E-007
   2.3865018141261494E-004
   4.3110663580733918E-003
   9.9390869485612072E-004
   2.5871846464865437E-003
   6.7176727720576628E-007
   3.6233388524996351E-006
   5.9478183977753414E-004
   5.7484705117167495E-002
   1.6493013485963930E-002
   1.8284255287684154E-002
   1.9607819008549738E-006
   6.5285440140195607E-005
  0.11024873139328424     
  0.22551100600961194     
   6.8045324534035554E-003
   6.6474345276629834E-002
   7.7895848477388856E-003
   6.1283236176662642E-003
   3.2404825469995090E-002
   6.6008735612427182E-007
  0.61064186366994988     
  0.17980698244030760     
   1.5775355876564812E-006
   1.7307482548567583E-012
   6.8698193090407519E-006
   2.3072239156085111E-003
   3.5002925256574232E-004
   1.2120400166911226E-004
   1.6642857655271132E-004
  0.12793668988645812     
  0.11503330205945139     
   3.7494540644382106E-003
  0.21237505405316334     
   1.6599497815277611     
   1.2601766516898718     
   1.0794236304980614E-002
  0.14674389820591566     
  0.28497130363988737     
   1.3716007541837176E-004
  0.83624660310793952     
   8.9329008611850336E-002
   2.8084222029417859E-002
   1.3675759797070851E-002
   4.2140060894719947E-011
   3.1067289106393555E-005
  0.68861664228197850     
  0.69175516471448795     
   2.1481393788346654E-005
   3.1985758548793597E-010
   9.9712907433232037E-002
   9.3450818749123385     
   1.2848715122389823E-003
   1.1259509950506978E-004
   1.4960566570755427     
   21.929720660956459     
   9.1619744438164079E-006
   1.7170087319608816E-004
   6.6432610564399941E-008
   5.4719208547763056E-004
   6.8003188889546342E-004
   3.6828031616666109E-007
   2.0964482238015639E-007
   4.3780987961381445E-004
   7.9087618205996822E-003
   1.4552504856712480E-003
   3.7880760403909762E-003
   9.8358094810032864E-007
   5.6625086605185841E-006
   9.2951762337547064E-004
   8.9836378496248079E-002
   1.8638224612572852E-002
   2.0662449419295001E-002
   2.2158166253549662E-006
   8.3630638062086142E-005
  0.14122860674840024     
  0.28887956153940508     
   8.5421350500828833E-003
   8.3449206629147191E-002
   9.7787300169583976E-003
   7.6932498053607383E-003
   4.4312818146916011E-002
   9.0265355695550550E-007
  0.64888597821012317     
  0.19106818027276870     
   1.6763356459147568E-006
   1.8391439257679217E-012
   7.3000717567623096E-006
   1.5603538887758320E-003
   2.3672149969120192E-004
   8.1969129246700189E-005
   1.1255408496359964E-004
  0.11629925962488565     
  0.10456959511452935     
   3.4083946683213218E-003
  0.28412446365431743     
   2.2207520721883558     
   1.6859184185608234     
   1.4440992678654460E-002
  0.16153830176696873     
  0.31370149631510108     
   1.4907731832606980E-004
  0.90890443644301666     
   9.7090417980313523E-002
   2.3238486946940359E-002
   1.1316103583030611E-002
   3.4869089626888962E-011
   2.5706846770386168E-005
  0.78810676298445437     
  0.79169873361508303     
   2.4584987761587971E-005
   3.6607004657853834E-010
  0.12309718422821238     
   10.433359627692349     
   1.4345007076454286E-003
   1.4303761088035996E-004
   1.9005478116754828     
   20.298537152807850     
   3.6439578485846892E-006
   6.2119301066071927E-005
   2.4034515721665444E-008
   1.7000203149581143E-004
   2.1127279736374920E-004
   1.1441759405858879E-007
   4.7420520455687861E-008
   9.9030217470776134E-005
   1.7889189794195899E-003
   2.8649227177170915E-004
   7.4575100379025664E-004
   1.9363562703960027E-007
   1.2586399112521210E-006
   2.0660948161542233E-004
   1.9968473027884816E-002
   1.3627158109721111E-003
   1.5107150548068205E-003
   1.6200729481225291E-007
   1.5377271559740100E-005
   2.5967883162168956E-002
   5.3116651609811653E-002
   2.0455579960294711E-003
   1.9983316920388811E-002
   2.3416814718948474E-003
   1.8422781380230144E-003
   1.3066373535837483E-002
   2.6616245686585451E-007
   6.5539074278970530E-002
   1.9298354533390297E-002
   1.6931400909161962E-007
   4.9765459925826247E-013
   7.3732514058630302E-007
   8.1861089054633413E-006
   1.2419156902009578E-006
   4.3003591924004117E-007
   5.9049424870512210E-007
   5.1001480093319463E-003
   4.5857593081864720E-003
   1.4947057564016459E-004
   5.9822658777009673E-002
  0.46758132592375384     
  0.35497162399274190     
   3.0405638652344657E-003
   3.2082230935101756E-002
   6.2302523546313382E-002
   2.3333742632952120E-005
  0.14226270257640516     
   1.5196696926914116E-002
   2.7321298689657290E-003
   1.3304250259537102E-003
   4.0995302960466415E-012
   3.0223329108586627E-006
  0.25831029648245546     
  0.25948760270812510     
   8.0579888106335074E-006
   1.1998331534037825E-010
   2.0446639485860871E-002
   1.9761758758260435     
   2.7170784804350612E-004
   2.9173321179906154E-005
  0.38762736168847495     
   3.3728842017498408     
   1.6908590725983337E-006
   3.0408108578393192E-005
   1.1765170424505487E-008
   8.7072956753411315E-005
   1.0821133715969290E-004
   5.8603289217389975E-008
   2.2926454863006816E-008
   4.7878255849998202E-005
   8.6489076545595101E-004
   1.4945446338528439E-004
   3.8903603019115111E-004
   1.0101392457293603E-007
   6.4540443703472930E-007
   1.0594505622770443E-004
   1.0239418739061109E-002
   5.5406303699317798E-004
   6.1423766023561077E-004
   6.5870119841563247E-008
   7.9928207076623601E-006
   1.3497624300019113E-002
   2.7609050881310285E-002
   1.1257604475408305E-003
   1.0997697373192955E-002
   1.2887302080485396E-003
   1.0138866095124872E-003
   7.4808733103276202E-003
   1.5238563433977151E-007
   2.9769559887239085E-002
   8.7658168402185432E-003
   7.6906846623233779E-008
   4.9765459925826247E-013
   3.3491234306453957E-007
   1.3480643576747238E-006
   2.0451502619023081E-007
   7.0817051415048809E-008
   9.7240857565433761E-008
   1.8382440121190605E-003
   1.6528431280560460E-003
   5.3873611149279639E-005
   3.1498914720939443E-002
  0.24619942696422448     
  0.18690611786712838     
   1.6009730067597279E-003
   1.7418470568907281E-002
   3.3826035195475126E-002
   1.2112808109767932E-005
   7.3850168170255831E-002
   7.8887762102106494E-003
   1.6454737061041818E-003
   8.0127208556836761E-004
   2.4690148832770780E-012
   1.8202536388923112E-006
  0.15099077661809018     
  0.15167895042978824     
   4.7101567574565160E-006
   7.0134153423835398E-011
   1.0302447733926249E-002
   1.0499620728149099     
   1.4436110612502521E-004
   1.5362894335635879E-005
  0.20412753702252670     
   1.8206875094829833     
   8.0394012567761420E-007
   1.5236126193805059E-005
   5.8949941203104188E-009
   4.5585913263572254E-005
   5.6652637211652637E-005
   3.0680989354588713E-008
   1.1578451957283586E-008
   2.4179756027270597E-005
   4.3679217899005783E-004
   8.0530764606666911E-005
   2.0962484666697814E-004
   5.4429479036754428E-008
   3.4182529612208870E-007
   5.6111638128942230E-005
   5.4230992874461544E-003
   2.5360651631428410E-004
   2.8114972990574740E-004
   3.0150164343897469E-008
   4.2922899445370396E-006
   7.2484694924497021E-003
   1.4826561962343684E-002
   6.2565852665273278E-004
   6.1121379331769178E-003
   7.1623145490841672E-004
   5.6348293607775721E-004
   4.2617653697375434E-003
   8.6812300159950882E-008
   1.4578248062517930E-002
   4.2926483579651849E-003
   3.7661527144716619E-008
   4.9765459925826247E-013
   1.6400763850347875E-007
   2.9027323104326945E-007
   4.4037391175845835E-008
   1.5248748481608900E-008
   2.0938479497836844E-008
   7.7150264934808634E-004
   6.9369074173240201E-004
   2.2610509517561160E-005
   1.7017234921539386E-002
  0.13300882025035146     
  0.10097571120136012     
   8.6492293466106454E-004
   9.6156119497955109E-003
   1.8673168057614275E-002
   6.5101527663172121E-006
   3.9691529185447792E-002
   4.2399035634309397E-003
   9.8528645481644724E-004
   4.7979042728201024E-004
   1.4784113001676205E-012
   1.0899422142558323E-006
   8.6841589279012421E-002
   8.7237389001661822E-002
   2.7090230789752584E-006
   4.0337307234793326E-011
   5.4160073742623308E-003
  0.57100206236680096     
   7.8508063726481992E-005
   8.3032319401492106E-006
  0.11032545354021533     
   1.0026671786556147     
   3.9410863900139026E-007
   7.7866154891418931E-006
   3.0127114951484894E-009
   2.4090965847159180E-005
   2.9939440728679001E-005
   1.6214102422931933E-008
   5.9884518000957442E-009
   1.2505929466356394E-005
   2.2591179893399372E-004
   4.3578139503541242E-005
   1.1343566469385974E-004
   2.9453780082107790E-008
   1.8270235514240819E-007
   2.9991134516255131E-005
   2.8985947594517510E-003
   1.2440001491779686E-004
   1.3791061484818632E-004
   1.4789371143392881E-008
   2.3174461160941278E-006
   3.9135141590990854E-003
   8.0049947414184471E-003
   3.4455601455077534E-004
   3.3660116452132322E-003
   3.9443537502705829E-004
   3.1031533408651775E-004
   2.3817521087949466E-003
   4.8516368461653789E-008
   7.4242950588580131E-003
   2.1861260596461119E-003
   1.9179965157025386E-008
   4.9765459925826247E-013
   8.3524515081274985E-008
   6.6564140069577541E-008
   1.0098454700739599E-008
   3.4967738022810276E-009
   4.8015170986615321E-009
   3.5806020221327423E-004
   3.2194710863023182E-004
   1.0493708112142064E-005
   9.2137380438793610E-003
   7.2015720119195242E-002
   5.4671852160079727E-002
   4.6830013129944744E-004
   5.2771007948936646E-003
   1.0247937470283934E-002
   3.5180083942609494E-006
   2.1448825836762993E-002
   2.2911929815504065E-003
   5.6935510161081331E-004
   2.7725046471681640E-004
   8.5431095892445008E-013
   6.2983121011559196E-007
   4.8751771456326309E-002
   4.8973968421873369E-002
   1.5208113429590734E-006
   2.2644854842028139E-011
   2.8855490006860032E-003
  0.31044325662188160     
   4.2683381690959578E-005
   4.4972256309285920E-006
   5.9754859430791930E-002
  0.54964604842186127     
