
##### sm148 #####

Levels:
Index  Jpi    Energy (MeV)
1      0+     0           
2      2+     0.550255    
3      4+     1.18026     
4      6+     1.90591     
5      8+     2.71498     
6      10+    3.39813     
7      12+    4.10439     
8      14+    4.80518     
9      16+    5.49639     
10     3-     1.16153     
11     1-     1.46514     
12     5-     1.59427     
13     7-     2.12864     
14     9-     2.80735     
15     11-    3.61476     
16     0+     1.42446     
17     2+     1.45412     
18     2+     1.66428     
19     4+     1.73347     
20     4+     1.89482     
21     0+     1.92097     
22     2+     1.97248     
23     3+     1.90377     

Lifetimes:
State 2: 11.1508 ps
State 3: 3.984 ps
State 4: 1.37826 ps
State 5: 0.470964 ps
State 6: 0.624948 ps
State 7: 0.834049 ps
State 8: 1.91862 ps
State 9: 2.03675 ps
State 10: 0.868889 ps
State 11: 0.0546269 ps
State 12: 2.36732 ps
State 13: 5.32313 ps
State 14: 2.31498 ps
State 15: 0.914531 ps
State 16: 11.06 ps
State 17: 0.411363 ps
State 18: 0.360698 ps
State 19: 0.99618 ps
State 20: 0.747602 ps
State 21: 0.748446 ps
State 22: 0.777875 ps
State 23: 3.07198 ps

Branch Probabilities:
ni     nf     prob
23     17     0.0565206
23     10     0.0411645
23     3      0.118934
23     2      0.783381
22     18     0.070539
22     10     0.089309
22     2      0.762147
22     1      0.0780052
21     17     2.06679e-05
21     2      0.999979
20     12     0.0153709
20     3      0.466746
20     2      0.517884
19     17     0.00371343
19     10     0.399699
19     3      0.529298
19     2      0.0672899
18     2      0.660136
18     1      0.339864
17     16     1.32537e-08
17     3      1.70228e-05
17     2      0.501537
17     1      0.498446
16     2      1
15     14     0.945881
15     6      0.0540938
15     5      2.50353e-05
14     13     0.986011
14     5      0.0139268
14     4      6.19016e-05
13     12     0.666424
13     4      0.333385
13     3      0.000190932
12     10     0.0977719
12     3      0.902081
12     2      0.00014759
11     10     0.000784123
11     3      1.37714e-09
11     2      0.327352
11     1      0.671864
10     2      0.999925
10     1      7.46764e-05
9      8      1
8      15     0.000383995
8      7      0.999616
7      15     0.553565
7      14     0.000297943
7      6      0.446137
6      14     0.72156
6      13     0.000186547
6      5      0.278253
5      13     0.525388
5      12     5.61618e-05
5      4      0.474556
4      20     1.68664e-10
4      19     2.77415e-06
4      12     0.228863
4      10     8.6938e-06
4      3      0.771125
3      10     0.000566098
3      2      0.999434
2      1      1

Branching Ratios:
ni     nf1    nf2    ratio
23     17     2      0.0721496
23     10     2      0.0525473
23     3      2      0.151822
22     18     2      0.092553
22     10     2      0.117181
22     1      2      0.102349
21     17     2      2.06683e-05
20     12     2      0.0296802
20     3      2      0.901256
19     17     3      0.00701577
19     10     3      0.755149
19     2      3      0.12713
18     1      2      0.514839
17     16     2      2.64261e-08
17     3      2      3.39413e-05
17     1      2      0.993839
15     6      14     0.0571888
15     5      14     2.64677e-05
14     5      13     0.0141244
14     4      13     6.27798e-05
13     4      12     0.50026
13     3      12     0.000286502
12     10     3      0.108385
12     2      3      0.000163611
11     10     1      0.00116709
11     3      1      2.04973e-09
11     2      1      0.48723
10     1      2      7.46819e-05
8      15     7      0.000384143
7      14     15     0.000538226
7      6      15     0.805936
6      13     14     0.000258533
6      5      14     0.385627
5      12     13     0.000106896
5      4      13     0.903249
4      20     3      2.18724e-10
4      19     3      3.59754e-06
4      12     3      0.296792
4      10     3      1.12742e-05
3      10     2      0.000566419

Matrix Elements:
index  n1     n2     mult   value       BSL/Q
1      1      11     E1     0.00858719  2.45799e-05
2      2      10     E1     0.0148735   3.1603e-05
3      2      11     E1     0.0121441   4.91597e-05
4      3      10     E1     0.0171744   3.27733e-05
5      3      12     E1     0.0192015   3.3518e-05
6      4      12     E1     0.0210342   3.40337e-05
7      4      13     E1     0.0227196   3.4412e-05
8      5      13     E1     0.0242882   3.4701e-05
9      5      14     E1     0.0257616   3.49295e-05
10     6      14     E1     0.0271551   3.51143e-05
11     6      15     E1     0.0284805   3.52669e-05
12     7      15     E1     0.0297469   3.53951e-05
13     10     19     E1     0.011       1.34444e-05
14     10     22     E1     0.0026      1.352e-06
15     10     23     E1     0.0012      2.05714e-07
16     12     20     E1     0.0065      4.69444e-06
17     1      2      E2     0.847009    0.143485
18     1      17     E2     0.275587    0.0151896
19     1      18     E2     0.173427    0.00601537
20     1      22     E2     0.037       0.0002738
21     2      2      E2     -1.01453    -0.768947
22     2      3      E2     1.35743     0.204735
23     2      16     E2     0.12        0.0144
24     2      17     E2     0.83253     0.138621
25     2      18     E2     0.32401     0.0209965
26     2      19     E2     0.146124    0.00237247
27     2      20     E2     0.34        0.0128444
28     2      21     E2     0.15        0.0225
29     2      22     E2     0.13        0.00338
30     2      23     E2     0.12        0.00205714
31     3      3      E2     -1.29742    -0.978375
32     3      4      E2     1.71279     0.225665
33     3      17     E2     0.1         0.002
34     3      19     E2     2.3403      0.608555
35     3      20     E2     1.2         0.16
36     3      23     E2     0.15        0.00321429
37     4      4      E2     -1.54046    -1.074
38     4      5      E2     2.00396     0.236227
39     4      19     E2     0.1         0.000769231
40     4      20     E2     0.1         0.000769231
41     5      5      E2     -1.75494    -1.13053
42     5      6      E2     2.25728     0.242634
43     6      6      E2     -1.94697    -1.16739
44     6      7      E2     2.48464     0.246937
45     7      7      E2     -2.12218    -1.19334
46     7      8      E2     2.69274     0.250029
47     8      8      E2     -2.28424    -1.21258
48     8      9      E2     2.88579     0.252357
49     9      9      E2     -2.43569    -1.22743
50     10     10     E2     -1.13991    -0.88179
51     10     11     E2     1.13614     0.430271
52     10     12     E2     1.54638     0.217389
53     11     11     E2     -0.927653   -0.537001
54     12     12     E2     -1.42219    -1.03269
55     12     13     E2     1.8642      0.231683
56     13     13     E2     -1.65097    -1.10559
57     13     14     E2     2.13443     0.239778
58     14     14     E2     -1.85336    -1.15072
59     14     15     E2     2.37371     0.244978
60     15     15     E2     -2.03642    -1.1814
61     16     17     E2     0.1         0.002
62     17     17     E2     1.01215     0.767142
63     17     19     E2     1.21632     0.164382
64     17     21     E2     0.01        0.0001
65     17     23     E2     0.12        0.00205714
66     18     18     E2     0.6         0.45476
67     18     22     E2     1           0.2
68     19     19     E2     0.9         0.678686
69     20     20     E2     -0.5        -0.377048
70     22     22     E2     0           0
71     23     23     E2     0           0
72     1      10     E3     0.608081    0.0528232
73     2      10     E3     -0.703726   0.0707472
74     2      11     E3     -0.691046   0.159182
75     2      12     E3     0.942566    0.0807664
76     3      10     E3     -0.779604   0.0675314
77     3      11     E3     0.797951    0.212242
78     3      12     E3     -0.857136   0.0667893
79     3      13     E3     1.16774     0.0909078
80     4      10     E3     1.06091     0.0865792
81     4      12     E3     -0.930942   0.0666656
82     4      13     E3     -1.00053    0.0667374
83     4      14     E3     1.35472     0.096593
84     5      12     E3     1.2649      0.094116
85     5      13     E3     -1.06622    0.0668721
86     5      14     E3     -1.12847    0.0670234
87     5      15     E3     1.51787     0.100171
88     6      13     E3     1.4387      0.0985647
89     6      14     E3     -1.18771    0.067174
90     6      15     E3     -1.24429    0.0673155
91     7      14     E3     1.59301     0.101507
92     7      15     E3     -1.29852    0.0674462
93     8      15     E3     1.73332     0.1036
94     2      17     M1     0.271086    0.0146976
95     2      18     M1     -0.533916   0.0570133
96     2      22     M1     -0.27       0.01458
97     2      23     M1     -0.15       0.00321429
98     3      19     M1     0.651896    0.0472187
99     3      20     M1     0.6         0.04
100    3      23     M1     0.18        0.00462857
101    17     23     M1     0.28        0.0112
102    18     22     M1     0.9         0.162

Gamma-Ray Transitions:
ni     nf     energy      mult        delta       cc
23     17     449.658     E2 M1       0.160781    0.000432397
23     10     742.244     E1          0           0.0019611
23     3      723.512     E2 M1       0.50303     0.00112369
23     2      1353.52     E2 M1       -0.903406   0.000636615
22     18     308.202     E2 M1       0.285708    0.00407986
22     10     810.951     E1          0           0.00155756
22     2      1422.23     E2 M1       -0.571317   0.000320949
22     1      1972.48     E2          0           0.000939155
21     17     466.855     E2          0           0.016052
21     2      1370.72     E2          0           0.00138851
20     12     300.554     E1          0           0.0146759
20     3      714.563     E2 M1       1.19234     0.00337071
20     2      1344.57     E2          0           0.00143129
19     17     279.35      E2          0           0.0877532
19     10     571.936     E1          0           0.00336831
19     3      553.204     E2 M1       1.65694     0.00794325
19     2      1183.21     E2          0           0.00182751
18     2      1114.02     E2 M1       -0.564039   0.000501462
18     1      1664.28     E2          0           0.00105872
17     16     29.655      E2          0           56.3167
17     3      273.854     E2          0           0.0961511
17     2      903.86      E2 M1       2.31591     0.00273075
17     1      1454.12     E2          0           0.00125207
16     2      874.205     E2          0           0.0034712
15     14     807.41      E2          0           0.0039922
15     6      216.63      E1 E3       -0.0001225691.04519
15     5      899.78      E3          0           0.00732943
14     13     678.71      E2          0           0.00645154
14     5      92.37       E1 E3       -2.23433e-0576.702
14     4      901.442     E3          0           0.00729594
13     12     534.37      E2          0           0.0119741
13     4      222.732     E1 E3       -0.0001306060.98509
13     3      948.379     E3          0           0.00635016
12     10     432.741     E2          0           0.0215723
12     3      414.009     E1 E3       -0.0004574070.0929656
12     2      1044.01     E3          0           0.00492971
11     10     303.608     E2          0           0.0552588
11     3      284.876     E3          0           0.372971
11     2      914.882     E1 E3       -0.00284735 0.00702508
11     1      1465.14     E1          0           0.000712765
10     2      611.274     E1 E3       -0.00105689 0.0202483
10     1      1161.53     E3          0           0.00391439
9      8      691.21      E2          0           0.00620404
8      15     1190.42     E3          0           0.00366477
8      7      700.79      E2          0           0.00601436
7      15     489.63      E1 E3       -0.0006256220.043489
7      14     1297.04     E3          0           0.00295996
7      6      706.26      E2          0           0.00590605
6      14     590.78      E1 E3       -0.0009125980.022787
6      13     1269.49     E3          0           0.00307126
6      5      683.15      E2          0           0.00636363
5      13     586.34      E1 E3       -0.0009022350.0236957
5      12     1120.71     E3          0           0.00426707
5      4      809.072     E2          0           0.00397924
4      20     11.084      E2          0           76.5963
4      19     172.443     E2          0           0.400246
4      12     311.638     E1 E3       -0.0002569610.210624
4      10     744.379     E3          0           0.0125549
4      3      725.647     E2          0           0.00552219
3      10     18.732      E1 E3       -9.52203e-073748.02
3      2      630.006     E2          0           0.00741588
2      1      550.255     E2          0           0.0110146
##########



######Begin Fitting Routine######

Fitting 196 experimental yields (10 data sets) and 1 literature constraints
Linking Experiments 1 and 2
Linking Experiments 1 and 3
Linking Experiments 1 and 4
Linking Experiments 1 and 5
Linking Experiments 1 and 6
Linking Experiments 1 and 7
Linking Experiments 1 and 8
Linking Experiments 1 and 9
Linking Experiments 1 and 10

Initial Chi2: 184.762
9 free parameters
 Par0 beamME17: 0.847009
 Par1 beamME21: -1.01453
 Par2 beamME22: 1.35743
 Par3 beamME31: -1.29742
 Par4 beamME50: -1.13991
 Par5 beamME52: 1.54638
 Par6 beamME72: 0.608081
 Par7 beamME75: 0.942566
 Par8 Scaling00: 104091
Minimizing... Done! (1 attempt.)
Validating Errors... Done!

Minuit2Minimizer : Valid minimum - status = 0
FVAL  = 184.761357984912394
Edm   = 4.38108910764521575e-08
Nfcn  = 320
beamME17	  = 0.847012	 +/-  0.000190894
beamME21	  = -1.01456	 +/-  0.00135041
beamME22	  = 1.35743	 +/-  0.000455072
beamME31	  = -1.29741	 +/-  0.00317391
beamME50	  = -1.1397	 +/-  0.0135331
beamME52	  = 1.54638	 +/-  0.00250517
beamME72	  = 0.608062	 +/-  0.00100589
beamME75	  = 0.94257	 +/-  0.00203402
Scaling00	  = 104091	 +/-  38.472

******** Covariance matrix **********
9x9 matrix is as follows

     |      0    |      1    |      2    |      3    |      4    |
----------------------------------------------------------------------
   0 |  3.644e-08   4.118e-08  -1.527e-09   4.974e-08     2.8e-07 
   1 |  4.118e-08   1.824e-06   1.519e-07   -1.14e-06   1.081e-06 
   2 | -1.527e-09   1.519e-07   2.071e-07   -7.89e-07  -4.859e-07 
   3 |  4.974e-08   -1.14e-06   -7.89e-07   1.007e-05   6.602e-06 
   4 |    2.8e-07   1.081e-06  -4.859e-07   6.602e-06   0.0001831 
   5 | -1.437e-08   1.245e-07  -1.265e-09   4.055e-07   6.825e-07 
   6 | -1.111e-08   1.057e-07   3.119e-08  -2.062e-07   -1.02e-05 
   7 |  1.969e-08  -1.952e-07  -3.057e-08   -9.53e-07  -4.273e-07 
   8 |  -0.005335    -0.03517   -0.005126     0.01616    -0.07059 


     |      5    |      6    |      7    |      8    |
----------------------------------------------------------------------
   0 | -1.437e-08  -1.111e-08   1.969e-08   -0.005335 
   1 |  1.245e-07   1.057e-07  -1.952e-07    -0.03517 
   2 | -1.265e-09   3.119e-08  -3.057e-08   -0.005126 
   3 |  4.055e-07  -2.062e-07   -9.53e-07     0.01616 
   4 |  6.825e-07   -1.02e-05  -4.273e-07    -0.07059 
   5 |  6.276e-06   1.883e-07   -3.16e-06   3.033e-05 
   6 |  1.883e-07   1.012e-06  -6.507e-07   0.0002638 
   7 |  -3.16e-06  -6.507e-07   4.137e-06   -0.001185 
   8 |  3.033e-05   0.0002638   -0.001185        1480 


******** Correlation matrix **********
9x9 matrix is as follows

     |      0    |      1    |      2    |      3    |      4    |
----------------------------------------------------------------------
   0 |          1      0.1597    -0.01757     0.08209      0.1084 
   1 |     0.1597           1      0.2472     -0.2659     0.05916 
   2 |   -0.01757      0.2472           1     -0.5462    -0.07889 
   3 |    0.08209     -0.2659     -0.5462           1      0.1537 
   4 |     0.1084     0.05916    -0.07889      0.1537           1 
   5 |   -0.03004     0.03679    -0.00111       0.051     0.02013 
   6 |   -0.05784     0.07784     0.06814    -0.06459     -0.7491 
   7 |    0.05072    -0.07105    -0.03303     -0.1476    -0.01552 
   8 |    -0.7264      -0.677     -0.2928      0.1324     -0.1356 


     |      5    |      6    |      7    |      8    |
----------------------------------------------------------------------
   0 |   -0.03004    -0.05784     0.05072     -0.7264 
   1 |    0.03679     0.07784    -0.07105      -0.677 
   2 |   -0.00111     0.06814    -0.03303     -0.2928 
   3 |      0.051    -0.06459     -0.1476      0.1324 
   4 |    0.02013     -0.7491    -0.01552     -0.1356 
   5 |          1     0.07471     -0.6201   0.0003147 
   6 |    0.07471           1     -0.3181    0.006816 
   7 |    -0.6201     -0.3181           1    -0.01514 
   8 |  0.0003147    0.006816    -0.01514           1 


######End Fitting Routine######


Yield Comparison for sm148 Experiment 1
Target: (82,208) Beam: (62,148)
Energy Range: 642.1 to 658 MeV
Angle Range: 25 to 33 deg
Total Rutherford Cross Section: 4424 mb
Coupling Factor: 1
Scaling Parameter: 104091

ni      nf      Corr Yield          Error               Weight  Calc Yield          nSig                Chi2
13      12      18957.2             +370-370            1       18977.3             -0.0544515          0.00296496
4       3       129849              +1073-1073          1       128523              1.23528             1.52592
4       12      37749.1             +466-466            1       37844.4             -0.204542           0.0418375
20      2       70946.8             +966-966            1       72286.9             -1.38783            1.92607
20      3       65868               +779-779            1       64996.2             1.11942             1.2531
19      2       28680.7             +580-580            1       28628.8             0.0895346           0.00801645
19      3       226066              +1320-1320          1       223766              1.74297             3.03795
19      10      170049              +1155-1155          1       169875              0.150491            0.0226475
18      1       179309              +1655-1655          1       182358              -1.84185            3.3924
18      2       349942              +2059-2059          1       354132              -2.03547            4.14315
12      3       357897              +1568-1568          1       357280              0.393276            0.154666
12      10      38685.8             +521-521            1       38179.3             0.971647            0.944099
17      1       1.26487e+06         +4231-4231          1       1.26392e+06         0.224797            0.0505336
17      2       1.27355e+06         +3707-3707          1       1.26968e+06         1.04571             1.09351
3       2       7.37339e+06         +8025-8025          1       7.36607e+06         0.911418            0.830682
10      2       1.1351e+06          +3136-3136          1       1.13924e+06         -1.32282            1.74984
2       1       1.05665e+08         +29460-29460        1       1.0567e+08          -0.178751           0.0319518

	*** Sum Chi2 = 20.2093 (Chi2/numY = 1.18878)

Yield Comparison for sm148 Experiment 2
Target: (82,208) Beam: (62,148)
Energy Range: 642.1 to 658 MeV
Angle Range: 33 to 41 deg
Total Rutherford Cross Section: 2086 mb
Coupling Factor: 1
Scaling Parameter: 104091

ni      nf      Corr Yield          Error               Weight  Calc Yield          nSig                Chi2
13      4       40719.9             +457-457            1       41457.3             -1.61307            2.60198
13      12      85346               +816-816            1       84799.8             0.669068            0.447652
22      2       55434.2             +876-876            1       55112.7             0.367135            0.134788
4       3       427507              +2003-2003          1       426680              0.412821            0.170421
4       12      124582              +871-871            1       125638              -1.21266            1.47055
20      2       156588              +1451-1451          1       156808              -0.151489           0.0229489
20      3       139952              +1148-1148          1       140993              -0.906296           0.821372
19      2       94934.1             +1077-1077          1       92152.8             2.58365             6.67526
19      3       721263              +2406-2406          1       720278              0.409421            0.167625
19      10      550719              +2121-2121          1       546810              1.84299             3.39661
18      1       254573              +1972-1972          1       252072              1.26873             1.60969
18      2       490317              +2437-2437          1       489514              0.329333            0.10846
12      3       835212              +2429-2429          1       835400              -0.077302           0.0059756
12      10      89618.4             +805-805            1       89271.5             0.431105            0.185852
11      1       45329               +798-798            1       44714.7             0.769495            0.592122
11      2       22185.4             +488-488            1       21774.1             0.842605            0.709984
17      1       1.60168e+06         +4761-4761          1       1.60358e+06         -0.397885           0.158313
17      2       1.61231e+06         +4171-4171          1       1.61088e+06         0.342502            0.117308
16      2       58892.6             +782-782            1       58228.7             0.848961            0.720735
3       2       1.28266e+07         +10644-10644        1       1.28227e+07         0.374157            0.139993
10      2       1.53523e+06         +3638-3638          1       1.52995e+06         1.45111             2.10572
2       1       8.97978e+07         +27095-27095        1       8.97969e+07         0.0340138           0.00115694

	*** Sum Chi2 = 22.3645 (Chi2/numY = 1.01657)

Yield Comparison for sm148 Experiment 3
Target: (82,208) Beam: (62,148)
Energy Range: 642.1 to 658 MeV
Angle Range: 41 to 49 deg
Total Rutherford Cross Section: 1137 mb
Coupling Factor: 1
Scaling Parameter: 104091

ni      nf      Corr Yield          Error               Weight  Calc Yield          nSig                Chi2
14      13      28042.8             +500-500            1       28008               0.06955             0.0048372
13      4       96966.9             +716-716            1       97687.9             -1.00745            1.01496
13      12      198657              +1264-1264          1       199818              -0.91864            0.8439
22      2       84760.3             +1086-1086          1       84421.6             0.311873            0.0972648
21      2       30541.5             +644-644            1       30616.5             -0.116534           0.0135803
4       3       792083              +2750-2750          1       789215              1.04307             1.08799
4       12      233990              +1204-1204          1       232389              1.32964             1.76795
20      2       222511              +1735-1735          1       222928              -0.240072           0.0576346
20      3       203787              +1390-1390          1       200444              2.4052              5.785
19      2       190585              +1540-1540          1       191715              -0.733398           0.537873
19      3       1.49999e+06         +3504-3504          1       1.49847e+06         0.434372            0.188679
19      10      1.13595e+06         +3076-3076          1       1.13759e+06         -0.530494           0.281424
18      1       279143              +2063-2063          1       275367              1.83036             3.35022
18      2       532514              +2537-2537          1       534753              -0.88253            0.778859
12      3       1.25853e+06         +2992-2992          1       1.25644e+06         0.699049            0.48867
12      10      135875              +994-994            1       134264              1.62048             2.62595
11      1       59985.1             +925-925            1       58981.8             1.08505             1.17733
11      2       28059.5             +553-553            1       28721.5             -1.19735            1.43365
17      1       1.57457e+06         +4711-4711          1       1.56785e+06         1.4263              2.03432
17      2       1.57236e+06         +4110-4110          1       1.575e+06           -0.640868           0.410712
16      2       108463              +1069-1069          1       107840              0.582551            0.339366
3       2       1.59761e+07         +11882-11882        1       1.59891e+07         -1.09118            1.19068
10      2       1.90901e+06         +4059-4059          1       1.90652e+06         0.613983            0.376975
2       1       6.79021e+07         +23514-23514        1       6.7904e+07          -0.0823386          0.00677964

	*** Sum Chi2 = 25.8946 (Chi2/numY = 1.07894)

Yield Comparison for sm148 Experiment 4
Target: (82,208) Beam: (62,148)
Energy Range: 642.1 to 658 MeV
Angle Range: 49 to 57 deg
Total Rutherford Cross Section: 678.5 mb
Coupling Factor: 1
Scaling Parameter: 104091

ni      nf      Corr Yield          Error               Weight  Calc Yield          nSig                Chi2
14      13      60316.2             +742-742            1       60531.7             -0.290296           0.0842717
5       4       23421.1             +488-488            1       23067.5             0.724777            0.525302
5       13      25439               +466-466            1       25572.8             -0.287178           0.0824713
13      4       148796              +890-890            1       149037              -0.27176            0.0738534
13      12      306336              +1576-1576          1       304852              0.941363            0.886165
22      2       98617.8             +1172-1172          1       100493              -1.60085            2.56273
21      2       44071.6             +775-775            1       43849.7             0.286103            0.0818551
4       3       983864              +3068-3068          1       981836              0.660806            0.436664
4       12      289998              +1342-1342          1       289107              0.663774            0.440595
20      2       236638              +1789-1789          1       233965              1.49442             2.23328
20      3       209531              +1409-1409          1       210368              -0.594463           0.353386
19      2       282928              +1883-1883          1       283048              -0.0639473          0.00408926
19      3       2.21061e+06         +4269-4269          1       2.21234e+06         -0.405328           0.164291
19      10      1.67918e+06         +3753-3753          1       1.67953e+06         -0.0933565          0.00871544
19      17      15147.1             +298-298            1       14386.3             2.54878             6.49627
18      1       261947              +1996-1996          1       259807              1.07212             1.14945
18      2       501765              +2460-2460          1       504535              -1.12609            1.26808
12      3       1.3993e+06          +3154-3154          1       1.39895e+06         0.110235            0.0121517
12      10      148426              +1039-1039          1       149493              -1.02728            1.0553
11      1       55925.6             +892-892            1       56878.8             -1.06872            1.14217
11      2       27638.3             +548-548            1       27697.4             -0.107887           0.0116396
17      1       1.31131e+06         +4287-4287          1       1.3086e+06          0.631332            0.39858
17      2       1.31341e+06         +3746-3746          1       1.31457e+06         -0.307408           0.0944995
16      2       142693              +1228-1228          1       143911              -0.991087           0.982253
3       2       1.60698e+07         +11900-11900        1       1.60755e+07         -0.479416           0.22984
10      2       2.20834e+06         +4374-4374          1       2.20837e+06         -0.00599632         3.59558e-05
2       1       4.78827e+07         +19717-19717        1       4.7885e+07          -0.120612           0.0145473

	*** Sum Chi2 = 20.7925 (Chi2/numY = 0.770092)

Yield Comparison for sm148 Experiment 5
Target: (82,208) Beam: (62,148)
Energy Range: 642.1 to 658 MeV
Angle Range: 57 to 65 deg
Total Rutherford Cross Section: 428.7 mb
Coupling Factor: 1
Scaling Parameter: 104091

ni      nf      Corr Yield          Error               Weight  Calc Yield          nSig                Chi2
14      13      86668.7             +893-893            1       86920.5             -0.282067           0.0795617
5       4       25285               +507-507            1       25005.7             0.551287            0.303917
5       13      28507.4             +493-493            1       27721.5             1.59426             2.54166
13      4       166371              +941-941            1       166778              -0.432525           0.187078
13      12      340307              +1660-1660          1       341141              -0.5025             0.252506
22      2       100076              +1179-1179          1       100127              -0.0434398          0.00188702
21      2       48927.4             +816-816            1       48898.2             0.0357874           0.00128074
4       3       922829              +2965-2965          1       921036              0.604429            0.365334
4       12      270634              +1294-1294          1       271204              -0.441252           0.194703
20      2       191894              +1607-1607          1       192635              -0.460885           0.212415
20      3       173472              +1279-1279          1       173206              0.208133            0.0433193
19      2       322159              +2010-2010          1       320970              0.591659            0.35006
19      3       2.50849e+06         +4548-4548          1       2.50874e+06         -0.0552121          0.00304837
19      10      1.9021e+06          +3995-3995          1       1.90455e+06         -0.612383           0.375014
19      17      16366.1             +310-310            1       16313.7             0.168782            0.0284873
18      1       218234              +1820-1820          1       220379              -1.17836            1.38853
18      2       425986              +2264-2264          1       427967              -0.875058           0.765727
12      3       1.25977e+06         +2987-2987          1       1.26006e+06         -0.0977898          0.00956284
12      10      133962              +985-985            1       134651              -0.699571           0.4894
11      1       42359               +772-772            1       42404.2             -0.0584827          0.00342023
17      1       1.02409e+06         +3782-3782          1       1.03009e+06         -1.58419            2.50965
17      2       1.03762e+06         +3324-3324          1       1.03478e+06         0.85321             0.727968
16      2       150157              +1259-1259          1       150576              -0.332602           0.110624
3       2       1.40235e+07         +11100-11100        1       1.40293e+07         -0.517305           0.267604
10      2       2.24781e+06         +4415-4415          1       2.25555e+06         -1.75392            3.07624
2       1       3.2648e+07          +16267-16267        1       3.26436e+07         0.266467            0.0710044

	*** Sum Chi2 = 14.36 (Chi2/numY = 0.552307)

Yield Comparison for sm148 Experiment 6
Target: (82,208) Beam: (62,148)
Energy Range: 642.1 to 658 MeV
Angle Range: 65 to 77 deg
Total Rutherford Cross Section: 383.3 mb
Coupling Factor: 1
Scaling Parameter: 104091

ni      nf      Corr Yield          Error               Weight  Calc Yield          nSig                Chi2
14      13      90453               +747-747            1       91164.3             -0.952021           0.906343
5       4       18573.2             +353-353            1       18728.8             -0.440188           0.193766
5       13      21186.2             +346-346            1       20762.8             1.22364             1.4973
13      4       140814              +707-707            1       142295              -2.09678            4.39648
13      12      290119              +1251-1251          1       291061              -0.753619           0.567941
22      2       82848.6             +876-876            1       83722.5             -0.998102           0.996207
21      2       45551.1             +643-643            1       44597.2             1.48281             2.19872
4       3       644538              +2015-2015          1       646963              -1.20359            1.44863
4       12      189889              +881-881            1       190502              -0.695779           0.484108
20      2       115430              +1010-1010          1       114997              0.427929            0.183123
20      3       102860              +798-798            1       103399              -0.675144           0.45582
19      2       286293              +1548-1548          1       286539              -0.159291           0.0253736
19      3       2.23558e+06         +3507-3507          1       2.23963e+06         -1.1535             1.33056
19      10      1.69888e+06         +3084-3084          1       1.70025e+06         -0.444979           0.198006
19      17      14397.5             +238-238            1       14563.7             -0.699296           0.489014
18      1       163980              +1285-1285          1       161045              2.28337             5.21376
18      2       314368              +1585-1585          1       312744              1.02525             1.05114
12      3       909888              +2066-2066          1       907109              1.34523             1.80963
12      10      97111               +682-682            1       96934.5             0.258742            0.0669473
11      1       22466.2             +454-454            1       22897.1             -0.948682           0.899998
17      1       785677              +2701-2701          1       784087              0.588357            0.346164
17      2       789699              +2365-2365          1       787661              0.861847            0.74278
16      2       123233              +931-931            1       123764              -0.570944           0.325977
3       2       1.04057e+07         +7791-7791          1       1.03978e+07         1.01579             1.03183
10      2       1.91036e+06         +3324-3324          1       1.91164e+06         -0.385389           0.148525
2       1       1.99695e+07         +10342-10342        1       1.99655e+07         0.386063            0.149044

	*** Sum Chi2 = 27.1572 (Chi2/numY = 1.04451)

Yield Comparison for sm148 Experiment 7
Target: (82,208) Beam: (62,148)
Energy Range: 642.1 to 658 MeV
Angle Range: 103 to 116 deg
Total Rutherford Cross Section: 61.23 mb
Coupling Factor: 1
Scaling Parameter: 104091

ni      nf      Corr Yield          Error               Weight  Calc Yield          nSig                Chi2
14      13      18148               +316-316            1       18043.1             0.332094            0.110286
13      4       23511.1             +274-274            1       23512.7             -0.00593569         3.52324e-05
13      12      47753.4             +481-481            1       48094.6             -0.709244           0.503027
22      2       17946.4             +388-388            1       18169.7             -0.5754             0.331085
4       3       58870.3             +576-576            1       58496               0.649262            0.421541
4       12      17057.7             +250-250            1       17224.5             -0.667344           0.445348
19      2       54019.2             +637-637            1       54207.2             -0.294971           0.0870079
19      3       424166              +1448-1448          1       423691              0.327996            0.107582
19      10      321885              +1273-1273          1       321651              0.183721            0.0337535
18      1       28969               +516-516            1       29134               -0.320003           0.102402
18      2       55760.3             +637-637            1       56577.2             -1.28234            1.64439
12      3       128645              +740-740            1       128749              -0.139812           0.0195474
12      10      13649.4             +244-244            1       13758.2             -0.446491           0.199354
17      1       237314              +1424-1424          1       236241              0.754219            0.568847
17      2       236925              +1242-1242          1       237317              -0.31574            0.0996919
16      2       18464.6             +341-341            1       18446.4             0.0533705           0.00284841
3       2       1.78585e+06         +3076-3076          1       1.78885e+06         -0.974243           0.949149
10      2       353614              +1358-1358          1       351295              1.70825             2.91811
2       1       3.05633e+06         +3883-3883          1       3.05479e+06         0.396844            0.157485

	*** Sum Chi2 = 8.7015 (Chi2/numY = 0.457973)

Yield Comparison for sm148 Experiment 8
Target: (82,208) Beam: (62,148)
Energy Range: 642.1 to 658 MeV
Angle Range: 116 to 129 deg
Total Rutherford Cross Section: 32.81 mb
Coupling Factor: 1
Scaling Parameter: 104091

ni      nf      Corr Yield          Error               Weight  Calc Yield          nSig                Chi2
13      4       12189.1             +197-197            1       12233.9             -0.227479           0.0517466
13      12      25455               +351-351            1       25024.2             1.22569             1.50231
4       3       27177.3             +393-393            1       26687.7             1.24729             1.55574
4       12      7627.71             +168-168            1       7858.35             -1.37674            1.89542
19      2       28296.5             +462-462            1       28559.8             -0.570516           0.325489
19      3       221639              +1047-1047          1       223227              -1.51609            2.29854
19      10      171180              +929-929            1       169466              1.84508             3.40431
18      2       31020.7             +475-475            1       30727.6             0.616778            0.380415
12      3       66462.3             +532-532            1       66949.2             -0.914941           0.837116
17      1       137704              +1083-1083          1       137727              -0.0216901          0.000470461
17      2       138748              +949-949            1       138355              0.414325            0.171665
3       2       950579              +2245-2245          1       950970              -0.174506           0.0304525
10      2       184586              +981-981            1       185137              -0.561291           0.315047
2       1       1.64982e+06         +2854-2854          1       1.65039e+06         -0.197409           0.0389701

	*** Sum Chi2 = 12.8077 (Chi2/numY = 0.914835)

Yield Comparison for sm148 Experiment 9
Target: (82,208) Beam: (62,148)
Energy Range: 642.1 to 658 MeV
Angle Range: 129 to 142 deg
Total Rutherford Cross Section: 17.98 mb
Coupling Factor: 1
Scaling Parameter: 104091

ni      nf      Corr Yield          Error               Weight  Calc Yield          nSig                Chi2
13      4       6764.91             +147-147            1       6585.75             1.21827             1.48417
13      12      13931               +260-260            1       13471               1.76736             3.12356
4       3       13076.7             +273-273            1       13140.1             -0.232289           0.0539583
19      2       16408.1             +352-352            1       15462.2             2.68862             7.22867
19      3       121215              +775-775            1       120854              0.465704            0.216881
19      10      91378.4             +679-679            1       91748.3             -0.544595           0.296583
18      2       16725.8             +349-349            1       16987.9             -0.750485           0.563227
12      3       36648.3             +396-396            1       36064.1             1.47689             2.18121
17      1       78087               +816-816            1       79194               -1.35734            1.84237
17      2       78043.5             +712-712            1       79554.9             -2.12317            4.50785
3       2       520224              +1662-1662          1       518141              1.25339             1.57099
10      2       99714               +722-722            1       100274              -0.775394           0.601235
2       1       905422              +2116-2116          1       910425              -2.3642             5.58942

	*** Sum Chi2 = 29.2601 (Chi2/numY = 2.25078)

Yield Comparison for sm148 Experiment 10
Target: (82,208) Beam: (62,148)
Energy Range: 642.1 to 658 MeV
Angle Range: 142 to 155 deg
Total Rutherford Cross Section: 9.831 mb
Coupling Factor: 1
Scaling Parameter: 104091

ni      nf      Corr Yield          Error               Weight  Calc Yield          nSig                Chi2
19      3       66181.6             +574-574            1       65564.8             1.07554             1.1568
19      10      49862.7             +502-502            1       49774.5             0.175709            0.0308738
12      3       19508.2             +289-289            1       19538.8             -0.105712           0.011175
17      1       44625               +617-617            1       44494.2             0.212088            0.0449812
17      2       44518.9             +538-538            1       44697               -0.331185           0.109683
3       2       283894              +1229-1229          1       282250              1.33706             1.78773
10      2       54287               +533-533            1       54420.1             -0.249566           0.0622833
2       1       499800              +1574-1574          1       499954              -0.0980432          0.00961247

	*** Sum Chi2 = 3.21313 (Chi2/numY = 0.401642)

Branching Ratios (w=1)
ni     nf1    nf2    Calc        Lit         Err               nSig              Chi2

Lifetimes (w=1)
index  Calc        Lit         Err               nSig              Chi2
2      11.1507     11.138      +0.462-0.462      -0.0275799        0.000760652

Mixing Ratios (w=1)
ni     nf     Calc        Lit         Err               nSig              Chi2

Matrix Elements (w=1)
mult   n1     n2     Calc        Lit         Err               nSig              Chi2
