
##### sm148 #####

Levels:
Index  Jpi    Energy (MeV)
1      0+     0           
2      2+     0.550255    
3      4+     1.18026     
4      6+     1.90591     
5      8+     2.71498     
6      10+    3.39813     
7      12+    4.10439     
8      14+    4.80518     
9      16+    5.49639     
10     3-     1.16153     
11     1-     1.46514     
12     5-     1.59427     
13     7-     2.12864     
14     9-     2.80735     
15     11-    3.61476     
16     0+     1.42446     
17     2+     1.45412     
18     2+     1.66428     
19     4+     1.73347     
20     4+     1.89482     
21     0+     1.92097     
22     2+     1.97248     
23     3+     1.90377     

Lifetimes:
State 2: 11.1556 ps
State 3: 3.98095 ps
State 4: 1.37826 ps
State 5: 0.470964 ps
State 6: 0.624948 ps
State 7: 0.834049 ps
State 8: 1.91862 ps
State 9: 2.03675 ps
State 10: 0.868889 ps
State 11: 0.0546269 ps
State 12: 2.36741 ps
State 13: 5.32313 ps
State 14: 2.31498 ps
State 15: 0.914531 ps
State 16: 11.06 ps
State 17: 0.411363 ps
State 18: 0.360698 ps
State 19: 0.99618 ps
State 20: 0.747602 ps
State 21: 0.748446 ps
State 22: 0.777875 ps
State 23: 3.07198 ps

Branch Probabilities:
ni     nf     prob
23     17     0.0565206
23     10     0.0411645
23     3      0.118934
23     2      0.783381
22     18     0.070539
22     10     0.089309
22     2      0.762147
22     1      0.0780052
21     17     2.06679e-05
21     2      0.999979
20     12     0.0153709
20     3      0.466746
20     2      0.517884
19     17     0.00371343
19     10     0.399699
19     3      0.529298
19     2      0.0672899
18     2      0.660136
18     1      0.339864
17     16     1.32537e-08
17     3      1.70228e-05
17     2      0.501537
17     1      0.498446
16     2      1
15     14     0.945881
15     6      0.0540938
15     5      2.50353e-05
14     13     0.986011
14     5      0.0139268
14     4      6.19016e-05
13     12     0.666424
13     4      0.333385
13     3      0.000190932
12     10     0.0977392
12     3      0.902114
12     2      0.000146916
11     10     0.000784123
11     3      1.37714e-09
11     2      0.327352
11     1      0.671864
10     2      0.999925
10     1      7.50118e-05
9      8      1
8      15     0.000383995
8      7      0.999616
7      15     0.553565
7      14     0.000297943
7      6      0.446137
6      14     0.72156
6      13     0.000186547
6      5      0.278253
5      13     0.525388
5      12     5.61618e-05
5      4      0.474556
4      20     1.68664e-10
4      19     2.77415e-06
4      12     0.228863
4      10     8.6938e-06
4      3      0.771125
3      10     0.000565666
3      2      0.999434
2      1      1

Branching Ratios:
ni     nf1    nf2    ratio
23     17     2      0.0721496
23     10     2      0.0525473
23     3      2      0.151822
22     18     2      0.092553
22     10     2      0.117181
22     1      2      0.102349
21     17     2      2.06683e-05
20     12     2      0.0296802
20     3      2      0.901256
19     17     3      0.00701577
19     10     3      0.755149
19     2      3      0.12713
18     1      2      0.514839
17     16     2      2.64261e-08
17     3      2      3.39413e-05
17     1      2      0.993839
15     6      14     0.0571888
15     5      14     2.64677e-05
14     5      13     0.0141244
14     4      13     6.27798e-05
13     4      12     0.50026
13     3      12     0.000286502
12     10     3      0.108345
12     2      3      0.000162858
11     10     1      0.00116709
11     3      1      2.04973e-09
11     2      1      0.48723
10     1      2      7.50174e-05
8      15     7      0.000384143
7      14     15     0.000538226
7      6      15     0.805936
6      13     14     0.000258533
6      5      14     0.385627
5      12     13     0.000106896
5      4      13     0.903249
4      20     3      2.18724e-10
4      19     3      3.59754e-06
4      12     3      0.296792
4      10     3      1.12742e-05
3      10     2      0.000565986

Matrix Elements:
index  n1     n2     mult   value       BSL/Q
1      1      11     E1     0.00858719  2.45799e-05
2      2      10     E1     0.0148735   3.1603e-05
3      2      11     E1     0.0121441   4.91597e-05
4      3      10     E1     0.0171744   3.27733e-05
5      3      12     E1     0.0192015   3.3518e-05
6      4      12     E1     0.0210342   3.40337e-05
7      4      13     E1     0.0227196   3.4412e-05
8      5      13     E1     0.0242882   3.4701e-05
9      5      14     E1     0.0257616   3.49295e-05
10     6      14     E1     0.0271551   3.51143e-05
11     6      15     E1     0.0284805   3.52669e-05
12     7      15     E1     0.0297469   3.53951e-05
13     10     19     E1     0.011       1.34444e-05
14     10     22     E1     0.0026      1.352e-06
15     10     23     E1     0.0012      2.05714e-07
16     12     20     E1     0.0065      4.69444e-06
17     1      2      E2     0.846828    0.143424
18     1      17     E2     0.275587    0.0151896
19     1      18     E2     0.173427    0.00601537
20     1      22     E2     0.037       0.0002738
21     2      2      E2     -1.01215    -0.767142
22     2      3      E2     1.35795     0.204892
23     2      16     E2     0.12        0.0144
24     2      17     E2     0.83253     0.138621
25     2      18     E2     0.32401     0.0209965
26     2      19     E2     0.146124    0.00237247
27     2      20     E2     0.34        0.0128444
28     2      21     E2     0.15        0.0225
29     2      22     E2     0.13        0.00338
30     2      23     E2     0.12        0.00205714
31     3      3      E2     -1.29475    -0.976365
32     3      4      E2     1.71279     0.225665
33     3      17     E2     0.1         0.002
34     3      19     E2     2.3403      0.608555
35     3      20     E2     1.2         0.16
36     3      23     E2     0.15        0.00321429
37     4      4      E2     -1.54046    -1.074
38     4      5      E2     2.00396     0.236227
39     4      19     E2     0.1         0.000769231
40     4      20     E2     0.1         0.000769231
41     5      5      E2     -1.75494    -1.13053
42     5      6      E2     2.25728     0.242634
43     6      6      E2     -1.94697    -1.16739
44     6      7      E2     2.48464     0.246937
45     7      7      E2     -2.12218    -1.19334
46     7      8      E2     2.69274     0.250029
47     8      8      E2     -2.28424    -1.21258
48     8      9      E2     2.88579     0.252357
49     9      9      E2     -2.43569    -1.22743
50     10     10     E2     -1.15699    -0.895004
51     10     11     E2     1.13614     0.430271
52     10     12     E2     1.54609     0.217309
53     11     11     E2     -0.927653   -0.537001
54     12     12     E2     -1.42219    -1.03269
55     12     13     E2     1.8642      0.231683
56     13     13     E2     -1.65097    -1.10559
57     13     14     E2     2.13443     0.239778
58     14     14     E2     -1.85336    -1.15072
59     14     15     E2     2.37371     0.244978
60     15     15     E2     -2.03642    -1.1814
61     16     17     E2     0.1         0.002
62     17     17     E2     1.01215     0.767142
63     17     19     E2     1.21632     0.164382
64     17     21     E2     0.01        0.0001
65     17     23     E2     0.12        0.00205714
66     18     18     E2     0.6         0.45476
67     18     22     E2     1           0.2
68     19     19     E2     0.9         0.678686
69     20     20     E2     -0.5        -0.377048
70     22     22     E2     0           0
71     23     23     E2     0           0
72     1      10     E3     0.609445    0.0530605
73     2      10     E3     -0.703726   0.0707472
74     2      11     E3     -0.691046   0.159182
75     2      12     E3     0.940394    0.0803946
76     3      10     E3     -0.779604   0.0675314
77     3      11     E3     0.797951    0.212242
78     3      12     E3     -0.857136   0.0667893
79     3      13     E3     1.16774     0.0909078
80     4      10     E3     1.06091     0.0865792
81     4      12     E3     -0.930942   0.0666656
82     4      13     E3     -1.00053    0.0667374
83     4      14     E3     1.35472     0.096593
84     5      12     E3     1.2649      0.094116
85     5      13     E3     -1.06622    0.0668721
86     5      14     E3     -1.12847    0.0670234
87     5      15     E3     1.51787     0.100171
88     6      13     E3     1.4387      0.0985647
89     6      14     E3     -1.18771    0.067174
90     6      15     E3     -1.24429    0.0673155
91     7      14     E3     1.59301     0.101507
92     7      15     E3     -1.29852    0.0674462
93     8      15     E3     1.73332     0.1036
94     2      17     M1     0.271086    0.0146976
95     2      18     M1     -0.533916   0.0570133
96     2      22     M1     -0.27       0.01458
97     2      23     M1     -0.15       0.00321429
98     3      19     M1     0.651896    0.0472187
99     3      20     M1     0.6         0.04
100    3      23     M1     0.18        0.00462857
101    17     23     M1     0.28        0.0112
102    18     22     M1     0.9         0.162

Gamma-Ray Transitions:
ni     nf     energy      mult        delta       cc
23     17     449.658     E2 M1       0.160781    0.000432397
23     10     742.244     E1          0           0.0019611
23     3      723.512     E2 M1       0.50303     0.00112369
23     2      1353.52     E2 M1       -0.903406   0.000636615
22     18     308.202     E2 M1       0.285708    0.00407986
22     10     810.951     E1          0           0.00155756
22     2      1422.23     E2 M1       -0.571317   0.000320949
22     1      1972.48     E2          0           0.000939155
21     17     466.855     E2          0           0.016052
21     2      1370.72     E2          0           0.00138851
20     12     300.554     E1          0           0.0146759
20     3      714.563     E2 M1       1.19234     0.00337071
20     2      1344.57     E2          0           0.00143129
19     17     279.35      E2          0           0.0877532
19     10     571.936     E1          0           0.00336831
19     3      553.204     E2 M1       1.65694     0.00794325
19     2      1183.21     E2          0           0.00182751
18     2      1114.02     E2 M1       -0.564039   0.000501462
18     1      1664.28     E2          0           0.00105872
17     16     29.655      E2          0           56.3167
17     3      273.854     E2          0           0.0961511
17     2      903.86      E2 M1       2.31591     0.00273075
17     1      1454.12     E2          0           0.00125207
16     2      874.205     E2          0           0.0034712
15     14     807.41      E2          0           0.0039922
15     6      216.63      E1 E3       -0.0001225691.04519
15     5      899.78      E3          0           0.00732943
14     13     678.71      E2          0           0.00645154
14     5      92.37       E1 E3       -2.23433e-0576.702
14     4      901.442     E3          0           0.00729594
13     12     534.37      E2          0           0.0119741
13     4      222.732     E1 E3       -0.0001306060.98509
13     3      948.379     E3          0           0.00635016
12     10     432.741     E2          0           0.0215723
12     3      414.009     E1 E3       -0.0004574070.0929656
12     2      1044.01     E3          0           0.00492971
11     10     303.608     E2          0           0.0552588
11     3      284.876     E3          0           0.372971
11     2      914.882     E1 E3       -0.00284735 0.00702508
11     1      1465.14     E1          0           0.000712765
10     2      611.274     E1 E3       -0.00105689 0.0202483
10     1      1161.53     E3          0           0.00391439
9      8      691.21      E2          0           0.00620404
8      15     1190.42     E3          0           0.00366477
8      7      700.79      E2          0           0.00601436
7      15     489.63      E1 E3       -0.0006256220.043489
7      14     1297.04     E3          0           0.00295996
7      6      706.26      E2          0           0.00590605
6      14     590.78      E1 E3       -0.0009125980.022787
6      13     1269.49     E3          0           0.00307126
6      5      683.15      E2          0           0.00636363
5      13     586.34      E1 E3       -0.0009022350.0236957
5      12     1120.71     E3          0           0.00426707
5      4      809.072     E2          0           0.00397924
4      20     11.084      E2          0           76.5963
4      19     172.443     E2          0           0.400246
4      12     311.638     E1 E3       -0.0002569610.210624
4      10     744.379     E3          0           0.0125549
4      3      725.647     E2          0           0.00552219
3      10     18.732      E1 E3       -9.52203e-073748.02
3      2      630.006     E2          0           0.00741588
2      1      550.255     E2          0           0.0110146
##########



######Begin Fitting Routine######

Fitting 196 experimental yields (10 data sets) and 1 literature constraints
Linking Experiments 1 and 2
Linking Experiments 1 and 3
Linking Experiments 1 and 4
Linking Experiments 1 and 5
Linking Experiments 1 and 6
Linking Experiments 1 and 7
Linking Experiments 1 and 8
Linking Experiments 1 and 9
Linking Experiments 1 and 10

Initial Chi2: 197.742
1 free parameters
 Par0 Scaling00: 104071
Minimizing... Done! (1 attempt.)

Minuit2Minimizer : Valid minimum - status = 0
FVAL  = 197.741594389347199
Edm   = 9.89193939492529102e-21
Nfcn  = 13
Scaling00	  = 104071	 +/-  12.8634

######End Fitting Routine######


Yield Comparison for sm148 Experiment 1
Target: (82,208) Beam: (62,148)
Energy Range: 642.1 to 658 MeV
Angle Range: 25 to 33 deg
Total Rutherford Cross Section: 4424 mb
Coupling Factor: 1
Scaling Parameter: 104071

ni      nf      Corr Yield          Error               Weight  Calc Yield          nSig                Chi2
13      12      18957.4             +370-370            1       18958.9             -0.00399539         1.59632e-05
4       3       129848              +1073-1073          1       128506              1.25068             1.56419
4       12      37748.9             +466-466            1       37839.4             -0.194106           0.0376773
20      2       70946.4             +966-966            1       72245.2             -1.34501            1.80907
20      3       65867.7             +779-779            1       64958.8             1.16715             1.36224
19      2       28680.9             +580-580            1       28604.1             0.132497            0.0175554
19      3       226068              +1320-1320          1       223573              1.89048             3.57391
19      10      170051              +1155-1155          1       169729              0.278476            0.0775492
18      1       179311              +1655-1655          1       182291              -1.80067            3.2424
18      2       349945              +2059-2059          1       354003              -1.97118            3.88555
12      3       357898              +1568-1568          1       356957              0.600607            0.360729
12      10      38686               +521-521            1       38130.6             1.06532             1.1349
17      1       1.26488e+06         +4231-4231          1       1.2633e+06          0.373614            0.139588
17      2       1.27356e+06         +3707-3707          1       1.26906e+06         1.21635             1.4795
3       2       7.37336e+06         +8025-8025          1       7.36806e+06         0.660015            0.43562
10      2       1.13515e+06         +3137-3137          1       1.14185e+06         -2.13573            4.56132
2       1       1.05665e+08         +29460-29460        1       1.05639e+08         0.894325            0.799818

	*** Sum Chi2 = 24.4816 (Chi2/numY = 1.4401)

Yield Comparison for sm148 Experiment 2
Target: (82,208) Beam: (62,148)
Energy Range: 642.1 to 658 MeV
Angle Range: 33 to 41 deg
Total Rutherford Cross Section: 2086 mb
Coupling Factor: 1
Scaling Parameter: 104071

ni      nf      Corr Yield          Error               Weight  Calc Yield          nSig                Chi2
13      4       40720.2             +457-457            1       41414.3             -1.5184             2.30554
13      12      85346.6             +816-816            1       84711.9             0.777503            0.604511
22      2       55434.4             +876-876            1       55083.7             0.400588            0.160471
4       3       427504              +2003-2003          1       426644              0.429592            0.18455
4       12      124581              +871-871            1       125628              -1.20131            1.44314
20      2       156587              +1451-1451          1       156726              -0.0953991          0.00910098
20      3       139951              +1148-1148          1       140919              -0.842563           0.709912
19      2       94933.7             +1077-1077          1       92067.7             2.66232             7.08796
19      3       721259              +2406-2406          1       719612              0.684541            0.468597
19      10      550716              +2121-2121          1       546305              2.07992             4.32609
18      1       254574              +1972-1972          1       251938              1.33678             1.78698
18      2       490318              +2437-2437          1       489255              0.436268            0.19033
12      3       835213              +2429-2429          1       834606              0.249968            0.0624839
12      10      89618.5             +805-805            1       89153.7             0.577633            0.33366
11      1       45331.3             +798-798            1       44622.4             0.887929            0.788418
11      2       22186.6             +488-488            1       21729.1             0.936911            0.877802
17      1       1.60169e+06         +4761-4761          1       1.60246e+06         -0.163543           0.0267464
17      2       1.61232e+06         +4171-4171          1       1.60977e+06         0.611237            0.373611
16      2       58892.4             +782-782            1       58203.5             0.880999            0.776159
3       2       1.28266e+07         +10644-10644        1       1.28269e+07         -0.0325752          0.00106114
10      2       1.53527e+06         +3638-3638          1       1.53175e+06         0.966191            0.933525
2       1       8.9798e+07          +27095-27095        1       8.97834e+07         0.538908            0.290422

	*** Sum Chi2 = 23.7411 (Chi2/numY = 1.07914)

Yield Comparison for sm148 Experiment 3
Target: (82,208) Beam: (62,148)
Energy Range: 642.1 to 658 MeV
Angle Range: 41 to 49 deg
Total Rutherford Cross Section: 1137 mb
Coupling Factor: 1
Scaling Parameter: 104071

ni      nf      Corr Yield          Error               Weight  Calc Yield          nSig                Chi2
14      13      28043               +500-500            1       27983.2             0.119537            0.014289
13      4       96967.3             +716-716            1       97579.6             -0.855477           0.731841
13      12      198658              +1264-1264          1       199597              -0.742566           0.551405
22      2       84760.5             +1086-1086          1       84370               0.359541            0.12927
21      2       30541.5             +644-644            1       30597.5             -0.086919           0.00755491
4       3       792079              +2750-2750          1       789223              1.03853             1.07855
4       12      233989              +1204-1204          1       232391              1.3266              1.75986
20      2       222511              +1735-1735          1       222828              -0.182745           0.0333958
20      3       203786              +1390-1390          1       200354              2.46955             6.09868
19      2       190584              +1540-1540          1       191547              -0.625188           0.390859
19      3       1.49998e+06         +3504-3504          1       1.49716e+06         0.80618             0.649926
19      10      1.13595e+06         +3076-3076          1       1.13659e+06         -0.208976           0.0436708
18      1       279143              +2063-2063          1       275176              1.92293             3.69764
18      2       532514              +2537-2537          1       534382              -0.736366           0.542235
12      3       1.25853e+06         +2992-2992          1       1.25521e+06         1.10759             1.22676
12      10      135875              +994-994            1       134084              1.80171             3.24616
11      1       59986.9             +925-925            1       58776.3             1.30911             1.71378
11      2       28060.3             +553-553            1       28621.4             -1.01485            1.02993
17      1       1.57457e+06         +4711-4711          1       1.56643e+06         1.72747             2.98416
17      2       1.57236e+06         +4110-4110          1       1.57357e+06         -0.294103           0.0864965
16      2       108463              +1069-1069          1       107798              0.621623            0.386415
3       2       1.59761e+07         +11882-11882        1       1.59958e+07         -1.65829            2.74993
10      2       1.90899e+06         +4059-4059          1       1.90677e+06         0.547815            0.300102
2       1       6.79024e+07         +23514-23514        1       6.79052e+07         -0.118413           0.0140217

	*** Sum Chi2 = 29.4669 (Chi2/numY = 1.22779)

Yield Comparison for sm148 Experiment 4
Target: (82,208) Beam: (62,148)
Energy Range: 642.1 to 658 MeV
Angle Range: 49 to 57 deg
Total Rutherford Cross Section: 678.5 mb
Coupling Factor: 1
Scaling Parameter: 104071

ni      nf      Corr Yield          Error               Weight  Calc Yield          nSig                Chi2
14      13      60316.5             +742-742            1       60473.4             -0.211357           0.0446718
5       4       23421.1             +488-488            1       23044.6             0.771845            0.595744
5       13      25439               +466-466            1       25547.3             -0.232545           0.0540774
13      4       148796              +890-890            1       148861              -0.0729489          0.00532155
13      12      306336              +1576-1576          1       304491              1.17114             1.37156
22      2       98617.8             +1172-1172          1       100425              -1.54224            2.37851
21      2       44071.6             +775-775            1       43821.3             0.322884            0.104254
4       3       983860              +3068-3068          1       981990              0.609675            0.371703
4       12      289997              +1342-1342          1       289153              0.629352            0.396084
20      2       236638              +1789-1789          1       233883              1.54015             2.37207
20      3       209531              +1409-1409          1       210294              -0.542252           0.294037
19      2       282927              +1883-1883          1       282830              0.0514407           0.00264615
19      3       2.2106e+06          +4269-4269          1       2.21063e+06         -0.00741618         5.49997e-05
19      10      1.67918e+06         +3753-3753          1       1.67824e+06         0.250217            0.0626084
19      17      15147               +298-298            1       14375.2             2.58578             6.68627
18      1       261946              +1996-1996          1       259592              1.17909             1.39024
18      2       501763              +2460-2460          1       504119              -0.95754            0.916883
12      3       1.3993e+06          +3154-3154          1       1.39758e+06         0.545347            0.297404
12      10      148426              +1039-1039          1       149291              -0.832978           0.693852
11      1       55924.3             +892-892            1       56589.8             -0.746101           0.556667
11      2       27637.7             +548-548            1       27556.7             0.147765            0.0218346
17      1       1.3113e+06          +4287-4287          1       1.30711e+06         0.978071            0.956624
17      2       1.31341e+06         +3746-3746          1       1.31307e+06         0.0912185           0.00832082
16      2       142693              +1228-1228          1       143861              -0.950303           0.903076
3       2       1.60698e+07         +11900-11900        1       1.60838e+07         -1.17572            1.38232
10      2       2.20831e+06         +4374-4374          1       2.20744e+06         0.199434            0.039774
2       1       4.78829e+07         +19717-19717        1       4.78939e+07         -0.556401           0.309582

	*** Sum Chi2 = 22.2162 (Chi2/numY = 0.822822)

Yield Comparison for sm148 Experiment 5
Target: (82,208) Beam: (62,148)
Energy Range: 642.1 to 658 MeV
Angle Range: 57 to 65 deg
Total Rutherford Cross Section: 428.7 mb
Coupling Factor: 1
Scaling Parameter: 104071

ni      nf      Corr Yield          Error               Weight  Calc Yield          nSig                Chi2
14      13      86668.9             +893-893            1       86829.8             -0.180307           0.0325105
5       4       25285               +507-507            1       24979.2             0.603498            0.36421
5       13      28507.4             +493-493            1       27692.1             1.65374             2.73486
13      4       166371              +941-941            1       166568              -0.209352           0.0438282
13      12      340307              +1660-1660          1       340711              -0.243733           0.059406
22      2       100076              +1179-1179          1       100052              0.019575            0.000383182
21      2       48927.4             +816-816            1       48864.2             0.0774821           0.00600348
4       3       922830              +2965-2965          1       921358              0.496213            0.246228
4       12      270634              +1294-1294          1       271299              -0.514287           0.264492
20      2       191895              +1607-1607          1       192591              -0.433681           0.188079
20      3       173473              +1279-1279          1       173167              0.238869            0.0570584
19      2       322159              +2010-2010          1       320764              0.693913            0.481516
19      3       2.50849e+06         +4548-4548          1       2.50713e+06         0.298017            0.0888144
19      10      1.9021e+06          +3995-3995          1       1.90333e+06         -0.307123           0.0943244
19      17      16366.1             +310-310            1       16303.3             0.202446            0.0409844
18      1       218233              +1820-1820          1       220178              -1.06862            1.14194
18      2       425985              +2264-2264          1       427578              -0.703749           0.495262
12      3       1.25977e+06         +2987-2987          1       1.25882e+06         0.316579            0.100222
12      10      133962              +985-985            1       134469              -0.514832           0.265052
11      1       42356.2             +772-772            1       42121.9             0.303333            0.0920108
17      1       1.02409e+06         +3782-3782          1       1.02867e+06         -1.21289            1.4711
17      2       1.03761e+06         +3324-3324          1       1.03336e+06         1.27762             1.63232
16      2       150157              +1259-1259          1       150528              -0.294621           0.0868017
3       2       1.40236e+07         +11100-11100        1       1.40378e+07         -1.28422            1.64923
10      2       2.24779e+06         +4415-4415          1       2.25423e+06         -1.4579             2.12548
2       1       3.26482e+07         +16267-16267        1       3.26546e+07         -0.396219           0.156989

	*** Sum Chi2 = 13.9191 (Chi2/numY = 0.53535)

Yield Comparison for sm148 Experiment 6
Target: (82,208) Beam: (62,148)
Energy Range: 642.1 to 658 MeV
Angle Range: 65 to 77 deg
Total Rutherford Cross Section: 383.3 mb
Coupling Factor: 1
Scaling Parameter: 104071

ni      nf      Corr Yield          Error               Weight  Calc Yield          nSig                Chi2
14      13      90452.9             +747-747            1       91061.4             -0.81447            0.663361
5       4       18573.1             +353-353            1       18707.4             -0.37985            0.144286
5       13      21186.1             +346-346            1       20739.1             1.29198             1.66922
13      4       140813              +707-707            1       142106              -1.82939            3.34667
13      12      290118              +1251-1251          1       290674              -0.444706           0.197763
22      2       82848.4             +876-876            1       83655.8             -0.922181           0.850418
21      2       45551               +643-643            1       44562.9             1.53583             2.35878
4       3       644548              +2015-2015          1       647372              -1.40148            1.96415
4       12      189892              +881-881            1       190622              -0.829034           0.687298
20      2       115431              +1010-1010          1       114994              0.433283            0.187734
20      3       102862              +798-798            1       103396              -0.669051           0.447629
19      2       286294              +1548-1548          1       286406              -0.0719281          0.00517365
19      3       2.23559e+06         +3507-3507          1       2.23858e+06         -0.85214            0.726143
19      10      1.69888e+06         +3084-3084          1       1.69945e+06         -0.184831           0.0341625
19      17      14397.5             +238-238            1       14556.9             -0.670388           0.44942
18      1       163979              +1285-1285          1       160891              2.40287             5.7738
18      2       314367              +1585-1585          1       312444              1.2135              1.47258
12      3       909889              +2066-2066          1       906218              1.77674             3.1568
12      10      97111.1             +682-682            1       96803.5             0.450745            0.203171
11      1       22462.2             +454-454            1       22713.7             -0.55388            0.306783
17      1       785666              +2701-2701          1       782893              1.02648             1.05366
17      2       789688              +2365-2365          1       786461              1.36465             1.86226
16      2       123233              +931-931            1       123728              -0.53197            0.282992
3       2       1.04058e+07         +7791-7791          1       1.04052e+07         0.0793375           0.00629444
10      2       1.91036e+06         +3324-3324          1       1.91056e+06         -0.0612909          0.00375658
2       1       1.99697e+07         +10342-10342        1       1.99751e+07         -0.518611           0.268957

	*** Sum Chi2 = 28.1233 (Chi2/numY = 1.08166)

Yield Comparison for sm148 Experiment 7
Target: (82,208) Beam: (62,148)
Energy Range: 642.1 to 658 MeV
Angle Range: 103 to 116 deg
Total Rutherford Cross Section: 61.23 mb
Coupling Factor: 1
Scaling Parameter: 104071

ni      nf      Corr Yield          Error               Weight  Calc Yield          nSig                Chi2
14      13      18148.1             +316-316            1       18021.9             0.399356            0.159485
13      4       23511.1             +274-274            1       23482.4             0.105002            0.0110255
13      12      47753.5             +481-481            1       48032.7             -0.580159           0.336584
22      2       17946.4             +388-388            1       18154.8             -0.537176           0.288558
4       3       58871.3             +576-576            1       58585               0.496684            0.246695
4       12      17058               +250-250            1       17250.7             -0.770944           0.594354
19      2       54019.6             +637-637            1       54207.4             -0.294605           0.0867923
19      3       424168              +1448-1448          1       423692              0.329254            0.108408
19      10      321887              +1273-1273          1       321652              0.184808            0.0341539
18      1       28969.1             +516-516            1       29108.7             -0.270843           0.0733559
18      2       55760.5             +637-637            1       56528.1             -1.20506            1.45217
12      3       128645              +740-740            1       128626              0.0268522           0.00072104
12      10      13649.4             +244-244            1       13740               -0.37158            0.138072
17      1       237316              +1424-1424          1       235953              0.95694             0.915735
17      2       236926              +1242-1242          1       237029              -0.0823054          0.00677417
16      2       18464.6             +341-341            1       18442.3             0.0652851           0.00426215
3       2       1.78586e+06         +3076-3076          1       1.79055e+06         -1.52454            2.32423
10      2       353615              +1358-1358          1       351167              1.80319             3.25149
2       1       3.05633e+06         +3883-3883          1       3.05669e+06         -0.0923917          0.00853624

	*** Sum Chi2 = 10.0414 (Chi2/numY = 0.528495)

Yield Comparison for sm148 Experiment 8
Target: (82,208) Beam: (62,148)
Energy Range: 642.1 to 658 MeV
Angle Range: 116 to 129 deg
Total Rutherford Cross Section: 32.81 mb
Coupling Factor: 1
Scaling Parameter: 104071

ni      nf      Corr Yield          Error               Weight  Calc Yield          nSig                Chi2
13      4       12189.1             +197-197            1       12218.8             -0.150413           0.0226241
13      12      25455               +351-351            1       24993.2             1.31412             1.72692
4       3       27177.6             +393-393            1       26732.3             1.13459             1.2873
4       12      7627.8              +168-168            1       7871.47             -1.45449            2.11555
19      2       28296.6             +462-462            1       28561.7             -0.574344           0.329871
19      3       221640              +1047-1047          1       223242              -1.52928            2.33869
19      10      171180              +929-929            1       169478              1.83379             3.36278
18      2       31020.8             +475-475            1       30702               0.670753            0.44991
12      3       66462.5             +532-532            1       66886.9             -0.797696           0.636319
17      1       137704              +1083-1083          1       137568              0.126099            0.0159011
17      2       138749              +949-949            1       138195              0.583725            0.340735
3       2       950582              +2245-2245          1       951919              -0.595553           0.354684
10      2       184586              +981-981            1       185069              -0.491489           0.241562
2       1       1.64982e+06         +2854-2854          1       1.65141e+06         -0.556879           0.310114

	*** Sum Chi2 = 13.533 (Chi2/numY = 0.96664)

Yield Comparison for sm148 Experiment 9
Target: (82,208) Beam: (62,148)
Energy Range: 642.1 to 658 MeV
Angle Range: 129 to 142 deg
Total Rutherford Cross Section: 17.98 mb
Coupling Factor: 1
Scaling Parameter: 104071

ni      nf      Corr Yield          Error               Weight  Calc Yield          nSig                Chi2
13      4       6764.91             +147-147            1       6577.8              1.27227             1.61867
13      12      13931               +260-260            1       13454.7             1.82977             3.34804
4       3       13076.8             +273-273            1       13163.3             -0.316749           0.10033
19      2       16408.1             +352-352            1       15463.8             2.68421             7.205
19      3       121216              +775-775            1       120867              0.45008             0.202572
19      10      91378.7             +679-679            1       91757.7             -0.558137           0.311516
18      2       16725.8             +349-349            1       16974.1             -0.711016           0.505544
12      3       36648.3             +396-396            1       36031.2             1.55987             2.4332
17      1       78087.1             +816-816            1       79104.7             -1.24768            1.5567
17      2       78043.7             +712-712            1       79465.2             -1.99696            3.98786
3       2       520226              +1662-1662          1       518673              0.933853            0.872082
10      2       99714.1             +722-722            1       100236              -0.722556           0.522087
2       1       905422              +2116-2116          1       910989              -2.6308             6.92109

	*** Sum Chi2 = 29.5847 (Chi2/numY = 2.27575)

Yield Comparison for sm148 Experiment 10
Target: (82,208) Beam: (62,148)
Energy Range: 642.1 to 658 MeV
Angle Range: 142 to 155 deg
Total Rutherford Cross Section: 9.831 mb
Coupling Factor: 1
Scaling Parameter: 104071

ni      nf      Corr Yield          Error               Weight  Calc Yield          nSig                Chi2
19      3       66181.7             +574-574            1       65572.9             1.06159             1.12696
19      10      49862.8             +502-502            1       49780.7             0.163607            0.0267673
12      3       19508.2             +289-289            1       19521.3             -0.0451768          0.00204095
17      1       44625.1             +617-617            1       44444.8             0.292247            0.0854083
17      2       44518.9             +538-538            1       44647.4             -0.238846           0.0570476
3       2       283894              +1229-1229          1       282545              1.09727             1.204
10      2       54287.1             +533-533            1       54399               -0.209777           0.0440066
2       1       499800              +1574-1574          1       500263              -0.29438            0.0866593

	*** Sum Chi2 = 2.63289 (Chi2/numY = 0.329111)

Branching Ratios (w=1)
ni     nf1    nf2    Calc        Lit         Err               nSig              Chi2

Lifetimes (w=1)
index  Calc        Lit         Err               nSig              Chi2
2      11.1556     11.138      +0.462-0.462      -0.0380617        0.00144869

Mixing Ratios (w=1)
ni     nf     Calc        Lit         Err               nSig              Chi2

Matrix Elements (w=1)
mult   n1     n2     Calc        Lit         Err               nSig              Chi2
