           1           1           1           1   62810.182057929960     
           1           1           1           2   44328.800412371522     
           1           1           1           3   32197.319595215489     
           1           1           1           4   23964.691983799159     
           1           1           1           5   18216.702204922753     
           1           1           1           6   14103.488904713944     
           1           1           1           7   11095.972900573908     
           1           1           1           8   8855.0730453074539     
           1           1           2           1   61006.702145749638     
           1           1           2           2   43055.980005987323     
           1           1           2           3   31272.832764612518     
           1           1           2           4   23276.590203895394     
           1           1           2           5   17693.643590478034     
           1           1           2           6   13698.533804125165     
           1           1           2           7   10777.373215296078     
           1           1           2           8   8600.8167794790788     
           1           1           3           1   59279.797039833531     
           1           1           3           2   41837.202869930959     
           1           1           3           3   30387.599135447363     
           1           1           3           4   22617.704834431555     
           1           1           3           5   17192.793735898118     
           1           1           3           6   13310.772846701690     
           1           1           3           7   10472.301064668725     
           1           1           3           8   8357.3560579542464     
           1           1           4           1   57625.192207602042     
           1           1           4           2   40669.452220017236     
           1           1           4           3   29539.427530179884     
           1           1           4           4   21986.404968524115     
           1           1           4           5   16712.912913230557     
           1           1           4           6   12939.246228912585     
           1           1           4           7   10180.001321495492     
           1           1           4           8   8124.0882579126801     
           1           1           5           1   56038.907271074517     
           1           1           5           2   39549.918873878669     
           1           1           5           3   28726.277558423168     
           1           1           5           4   21381.171931047716     
           1           1           5           5   16252.846707043469     
           1           1           5           6   12583.060196561462     
           1           1           5           7   9899.7708229745913     
           1           1           5           8   7900.4522262357905     
           1           1           6           1   54517.232046101912     
           1           1           6           2   38475.984340477553     
           1           1           6           3   27946.247334375134     
           1           1           6           4   20800.590136651372     
           1           1           6           5   15811.519065186787     
           1           1           6           6   12241.381664658174     
           1           1           6           7   9630.9541378795620     
           1           1           6           8   7685.9249015479809     
           1           1           7           1   53056.704828115791     
           1           1           7           2   37445.205495113900     
           1           1           7           3   27197.562345840142     
           1           1           7           4   20243.338804909406     
           1           1           7           5   15387.926001100215     
           1           1           7           6   11913.433341720278     
           1           1           7           7   9372.9397306002156     
           1           1           7           8   7480.0182529677568     
           1           1           8           1   51654.092686861353     
           1           1           8           2   36455.300672287354     
           1           1           8           3   26478.565353078506     
           1           1           8           4   19708.184441978465     
           1           1           8           5   14981.129878777358     
           1           1           8           6   11598.489305168923     
           1           1           8           7   9125.1564800821434     
           1           1           8           8   7282.2765020819097     
           1           1           9           1   50306.373560464672     
           1           1           9           2   35504.137028453100     
           1           1           9           3   25787.707210015713     
           1           1           9           4   19193.974008771736     
           1           1           9           5   14590.254219582555     
           1           1           9           6   11295.870980745047     
           1           1           9           7   8887.0705166291955     
           1           1           9           8   7092.2735985869285     
           1           1          10           1   49010.719963482603     
           1           1          10           2   34589.719043857163     
           1           1          10           3   25123.538512797029     
           1           1          10           4   18699.628704931129     
           1           1          10           5   14214.478977163753     
           1           1          10           6   11004.943484327201     
           1           1          10           7   8658.1823438255487     
           1           1          10           8   6909.6109234669602     
           1           1          11           1   47764.484144788737     
           1           1          11           2   33710.178047604277     
           1           1          11           3   24484.701991545277     
           1           1          11           4   18224.138305969151     
           1           1          11           5   13853.036232854742     
           1           1          11           6   10725.112289293815     
           1           1          11           7   8438.0242165799991     
           1           1          11           8   6733.9151965674928     
           2           1           1           1   12397.823129842729     
           2           1           1           2   10432.984993828719     
           2           1           1           3   8845.6231629627382     
           2           1           1           4   7551.6233060605209     
           2           1           1           5   6488.0555837432039     
           2           1           1           6   5607.0229311095736     
           2           1           1           7   4872.0483948845795     
           2           1           1           8   4254.8477556277194     
           2           1           2           1   12041.843154399758     
           2           1           2           2   10133.421815969867     
           2           1           2           3   8591.6382335775779     
           2           1           2           4   7334.7932671396238     
           2           1           2           5   6301.7639939617775     
           2           1           2           6   5446.0286268683039     
           2           1           2           7   4732.1575824273941     
           2           1           2           8   4132.6787714893371     
           2           1           3           1   11700.977862417267     
           2           1           3           2   9846.5778919421082     
           2           1           3           3   8348.4373276813367     
           2           1           3           4   7127.1696728544057     
           2           1           3           5   6123.3822006787386     
           2           1           3           6   5291.8700081035850     
           2           1           3           7   4598.2064107436581     
           2           1           3           8   4015.6969670961539     
           2           1           4           1   11374.383529345281     
           2           1           4           2   9571.7432141652243     
           2           1           4           3   8115.4184655653899     
           2           1           4           4   6928.2386066608542     
           2           1           4           5   5952.4686684907674     
           2           1           4           6   5144.1654981582815     
           2           1           4           7   4469.8633219628573     
           2           1           4           8   3903.6127882841110     
           2           1           5           1   11061.274491915174     
           2           1           5           2   9308.2566345164541     
           2           1           5           3   7892.0210929666173     
           2           1           5           4   6737.5215173327124     
           2           1           5           5   5788.6122463530992     
           2           1           5           6   5002.5597786296257     
           2           1           5           7   4346.8195743892684     
           2           1           5           8   3796.1566065472039     
           2           1           6           1   10760.918418689778     
           2           1           6           2   9055.5018844285369     
           2           1           6           3   7677.7227067136619     
           2           1           6           4   6554.5723382442802     
           2           1           6           5   5631.4296925937251     
           2           1           6           6   4866.7216504813805     
           2           1           6           7   4228.7873839939502     
           2           1           6           8   3693.0770959808833     
           2           1           7           1   10472.632024036810     
           2           1           7           2   8812.9039681345857     
           2           1           7           3   7472.0357967450263     
           2           1           7           4   6378.9748767426536     
           2           1           7           5   5480.5634319763312     
           2           1           7           6   4736.3420956927885     
           2           1           7           7   4115.4982401555317     
           2           1           7           8   3594.1397623988637     
           2           1           8           1   10195.777178640674     
           2           1           8           2   8579.9258896060055     
           2           1           8           3   7274.5050710479209     
           2           1           8           4   6210.3404450517683     
           2           1           8           5   5335.6795202766089     
           2           1           8           6   4611.1325182408964     
           2           1           8           7   4006.7013772260352     
           2           1           8           8   3499.1256085334503     
           2           1           9           1   9929.7573751719101     
           2           1           9           2   8356.0656783604118     
           2           1           9           3   7084.7049339936902     
           2           1           9           4   6048.3057075033867     
           2           1           9           5   5196.4657947170708     
           2           1           9           6   4490.8231457019047     
           2           1           9           7   3902.1623856605306     
           2           1           9           8   3407.8299211185081     
           2           1          10           1   9674.0145125289146     
           2           1          10           2   8140.8536833528196     
           2           1          10           3   6902.2371919669185     
           2           1          10           4   5892.5307218106791     
           2           1          10           5   5062.6301911146202     
           2           1          10           6   4375.1615749260563     
           2           1          10           7   3801.6619483340860     
           2           1          10           8   3320.0611672998411     
           2           1          11           1   9428.0259662523404     
           2           1          11           2   7933.8501076853336     
           2           1          11           3   6726.7289631721333     
           2           1          11           4   5742.6971546500463     
           2           1          11           5   4933.8992107860422     
           2           1          11           6   4263.9114471334542     
           2           1          11           7   3704.9946893142856     
           2           1          11           8   3235.6399892541681     
           3           1           1           1   5367.0203693004114     
           3           1           1           2   4757.2483561565377     
           3           1           1           3   4232.5548775091775     
           3           1           1           4   3778.9906688690817     
           3           1           1           5   3385.2099018535832     
           3           1           1           6   3041.9286960503623     
           3           1           1           7   2741.5071962164220     
           3           1           1           8   2477.6246506679131     
           3           1           2           1   5212.9173128294424     
           3           1           2           2   4620.6538240081773     
           3           1           2           3   4111.0259941836448     
           3           1           2           4   3670.4850868113754     
           3           1           2           5   3288.0110484870706     
           3           1           2           6   2954.5865686636939     
           3           1           2           7   2662.7911567484039     
           3           1           2           8   2406.4855500290928     
           3           1           3           1   5065.3573426019320     
           3           1           3           2   4489.8589740404823     
           3           1           3           3   3994.6571121996994     
           3           1           3           4   3566.5865422646484     
           3           1           3           5   3194.9391535674531     
           3           1           3           6   2870.9528870038007     
           3           1           3           7   2587.4173025181613     
           3           1           3           8   2338.3669204396674     
           3           1           4           1   4923.9752153615946     
           3           1           4           2   4364.5400611183177     
           3           1           4           3   3883.1601945401608     
           3           1           4           4   3467.0378656421049     
           3           1           4           5   3105.7638463898993     
           3           1           4           6   2790.8206425128319     
           3           1           4           7   2515.1990703093825     
           3           1           4           8   2273.1001573774561     
           3           1           5           1   4788.4308221116307     
           3           1           5           2   4244.3956186421456     
           3           1           5           3   3776.2670254422533     
           3           1           5           4   3371.5995844451140     
           3           1           5           5   3020.2706091511600     
           3           1           5           6   2713.9970718489740     
           3           1           5           7   2445.9627351579388     
           3           1           5           8   2210.5282587287375     
           3           1           6           1   4658.4071407835654     
           3           1           6           2   4129.1446438341973     
           3           1           6           3   3673.7275958454097     
           3           1           6           4   3280.0484817383012     
           3           1           6           5   2938.2594856458022     
           3           1           6           6   2640.3024965392960     
           3           1           6           7   2379.5463646113358     
           3           1           6           8   2150.5048797154636     
           3           1           7           1   4533.6083808587291     
           3           1           7           2   4018.5249531674435     
           3           1           7           3   3575.3086402150529     
           3           1           7           4   3192.1762897778267     
           3           1           7           5   2859.5439110312063     
           3           1           7           6   2569.5692714231054     
           3           1           7           7   2315.7988710332988     
           3           1           7           8   2092.8934764291303     
           3           1           8           1   4413.7582996465044     
           3           1           8           2   3912.2916899476277     
           3           1           8           3   3480.7923087369004     
           3           1           8           4   3107.7885045028106     
           3           1           8           5   2783.9496498602966     
           3           1           8           6   2501.6408303830053     
           3           1           8           7   2254.5791515868873     
           3           1           8           8   2037.5665286027288     
           3           1           9           1   4298.5986723061469     
           3           1           9           2   3810.2159681704329     
           3           1           9           3   3389.9749607552467     
           3           1           9           4   3026.7033082771504     
           3           1           9           5   2711.3138310839363     
           3           1           9           6   2436.3708192113445     
           3           1           9           7   2195.7553067466060     
           3           1           9           8   1984.4048333519768     
           3           1          10           1   4187.8878997749725     
           3           1          10           2   3712.0836386159699     
           3           1          10           3   3302.6660669658045     
           3           1          10           4   2948.7505897309311     
           3           1          10           5   2641.4840700339510     
           3           1          10           6   2373.6223066361772     
           3           1          10           7   2139.2039292501690     
           3           1          10           8   1933.2968625753078     
           3           1          11           1   4081.3997405774512     
           3           1          11           2   3617.6941647488934     
           3           1          11           3   3218.6872093025922     
           3           1          11           4   2873.7710508261566     
           3           1          11           5   2574.3176685408721     
           3           1          11           6   2313.2670655578631     
           3           1          11           7   2084.8094563261834     
           3           1          11           8   1884.1381775384468     
