   7.4289725455113382E-004
   5.4031919805717220E-002
   2.9083315233455586E-010
   5.6111290355966160E-002
   1.4828857703437495E-003
   1.4276376756243110     
  0.28642490376644353     
   1.6992813591291166E-005
   2.8778411560812511     
  0.34110344083418176     
  0.59877676477656350     
   1.3913499135004102     
  0.89829940236045969     
  0.38594553339317189     
  0.33547633836969520     
  0.21777647125900146     
   1.8243742421885843E-002
  0.17324963248888173     
  0.22119800516268476     
  0.10571409789517007     
   6.8825656143705887     
   99.089063202897705     
   11.043437090775745     
   33.065059655601729     
   2085.6678201849645     
   1.6802350416082580E-003
  0.12152600163824655     
   6.5471034827923201E-010
  0.28809327620108760     
   1.7111640024498260E-003
   1.6522221829673818     
  0.33148288660348352     
   7.3155026379207656E-005
   7.7385968611812048     
  0.55316464518280928     
  0.97207834903455126     
   1.2749418190664532     
  0.82699463849510957     
  0.35527655240748884     
  0.30745260476200181     
  0.54007662704539439     
   4.5285595442949717E-002
  0.44560830479467861     
  0.49111306726272641     
  0.23470993503565366     
   11.025149099723516     
   131.87994221781761     
   13.010984307499720     
   38.696372069229703     
   1298.4024394836827     
   1.8856701710457454E-003
  0.13630798154845794     
   7.3282762764276038E-010
  0.55725775284411250     
   1.2863499318527107E-003
   1.2587470543258314     
  0.25254040455454363     
   1.3181880173929571E-004
   10.110824490812560     
  0.50350287302283447     
  0.88422536783460715     
   1.4985870686101126     
  0.96587550978249792     
  0.41490295259709858     
  0.36132031318140756     
  0.69210369720680942     
   5.8076633066116712E-002
  0.58901195280198460     
  0.59370643305147286     
  0.28373984566469479     
   10.352972882684945     
   114.47389110556772     
   11.540663694173851     
   34.089133691302926     
   755.07805400585050     
